tree
version=v4
num_class=1
num_tree_per_iteration=1
label_index=0
max_feature_idx=41
objective=regression
feature_names=Column_0 Column_1 Column_2 Column_3 Column_4 Column_5 Column_6 Column_7 Column_8 Column_9 Column_10 Column_11 Column_12 Column_13 Column_14 Column_15 Column_16 Column_17 Column_18 Column_19 Column_20 Column_21 Column_22 Column_23 Column_24 Column_25 Column_26 Column_27 Column_28 Column_29 Column_30 Column_31 Column_32 Column_33 Column_34 Column_35 Column_36 Column_37 Column_38 Column_39 Column_40 Column_41
feature_infos=[-0.81239144351959069:3.1864379270571006] [-1.0104560736695405:3.3899171503752323] [-1.0885398306945873:2.9028912741968407] [-0.67745654356648777:1.4761094412572555] [-0.91570108186833832:1.6658635242227209] [-0.8276236501745976:2.5328005225048864] [-0.8542396744089884:2.480340494319337] [-0.75333724693398141:3.4852233754064295] [-0.69068770708311222:7.6890605329526327] none none none none none [-0.88603289536121765:2.8503983524267431] [-1.0846912850721417:2.2171774778324318] [-0.65357754585211436:6.3251833537418021] [-4.5015218260327368:7.5138192761463456] [-1.0300005754003652:3.1092478709733964] [-0.60569291338552389:1.6510016510024763] [-0.44837468857175666:2.2302775457405479] [-1.030000575400366:3.1092478709733955] [-1.101503400704873:2.1729492263805619] [-0.66938325579912183:5.7575060777874292] [-0.72163252823017487:4.5424868619120478] [-0.96063740693246824:2.5801484527954917] [-0.72197578361881865:3.3165545346026586] [-2.2398551609438031:2.7842787865621563] [-2.1587360153007311:2.7813197066122752] [-1.2066007262409344:2.9936663188720471] [-1.5278792126690506:3.1821754776318922] [-1.8846898434616435:5.2813428422115551] [-2.0857449473858534:2.7793551823293821] [-2.1228914510285604:2.3452368718518612] [-2.2170260887870876:1.9466570535691505] [-1.840995208335082:2.4780857560537939] [-2.1354722843396714:2.5287222457511644] none [-1.0792718901404499:1.2392475545084787] [-1.2389958615829963:1.4154806400058151] [-0.26973212258953577:3.7073819402731938] [-1.1304653113847145:1.4522131307788255]
tree_sizes=1725 1758 1605 1678 1680 1842 1760 1673 1754 1843 1674 1692 1681 1694 1690 1677 1855 1775 1686 1619 1680 1774 1769 1754 1765 2003 1928 1932 1855 1768 1773 1773 1775 1853 1770 1688 1706 1777 1775 1785 1460 1617 1628 1703

Tree=0
num_leaves=20
num_cat=0
split_feature=14 29 25 26 0 35 33 38 26 24 8 29 26 36 27 25 35 38 0
split_gain=7.18384e+06 821651 539350 232868 198770 146410 142721 128719 123720 119609 123932 98385.4 88338.9 70838.3 41269.4 31831.6 24315.4 21461.8 17869.8
threshold=0.81193701747054225 -0.022038699898396016 1.4515822046207807 0.20175254196187326 0.10127080974981476 0.55274042579539762 0.5340701765481507 -0.65420999195481289 -0.70302328514684853 1.0000000180025095e-35 -0.41909353615697181 0.35720860270222526 1.613782366358427 1.0000000180025095e-35 0.23282212513381509 1.0672021291427807 0.018570224154704291 0.69181935229970415 -0.69859339949634125
decision_type=2 2 2 2 2 2 2 2 2 2 2 2 2 2 2 2 2 2 2
left_child=1 3 5 8 6 7 9 15 -1 11 18 -3 -4 -13 -15 -2 -8 -18 -11
right_child=2 4 12 -5 -6 -7 16 -9 -10 10 -12 13 -14 14 -16 -17 17 -19 -20
leaf_value=178.58367969638857 185.20025739504317 172.97066440811415 195.17513927641025 183.12299904339929 178.00405747820355 189.72058748162684 170.21645753240858 182.24261738420941 174.22198126740957 170.72918481993639 175.98026702715376 178.70228361876488 190.74337037957605 176.86090741945722 173.68731468035199 187.85349589164016 173.22245742904846 171.4080729032743 172.56886659630104
leaf_weight=72 20 29 22 24 25 23 21 25 21 33 21 23 23 20 21 26 28 39 22
leaf_count=72 20 29 22 24 25 23 21 25 21 33 21 23 23 20 21 26 28 39 22
internal_value=178.62 175.209 188.409 178.732 173.748 186.254 173.334 185.13 177.599 174.184 172.713 175.387 192.91 176.481 175.235 186.7 171.701 172.166 171.465
internal_weight=538 399 139 117 282 94 257 71 93 169 76 93 45 64 41 46 88 67 55
internal_count=538 399 139 117 282 94 257 71 93 169 76 93 45 64 41 46 88 67 55
is_linear=0
shrinkage=1


Tree=1
num_leaves=20
num_cat=0
split_feature=14 26 25 27 2 35 35 38 16 35 26 31 33 28 28 23 35 6 33
split_gain=6.48342e+06 557037 486764 391689 253087 153368 132135 116169 108327 87664.8 79725.9 79478.9 67640.8 60589.4 100643 26028.7 13457.9 5454.29 620.277
threshold=0.81193701747054225 0.5915147906527084 1.4515822046207807 -0.24588254648662441 0.13455340020196158 0.56626962889554122 0.55274042579539762 -0.65420999195481289 -0.65313377358634084 0.085049909349207128 1.613782366358427 0.26151981115540096 0.52286713418747321 0.42049938601592834 0.030999768284774253 0.84053983825644452 0.33673971342512315 -0.67903944614439382 0.34315258437805612
decision_type=2 2 2 2 2 2 2 2 2 2 2 2 2 2 2 2 2 2 2
left_child=1 3 6 -1 8 9 7 11 12 -6 -4 -2 13 14 -5 17 -14 18 -10
right_child=2 -3 10 4 5 -7 -8 -9 15 -11 -12 -13 16 -15 -16 -17 -18 -19 -20
leaf_value=-0.70663608032114367 5.6956002285083143 4.3230924067289935 15.736924917047673 -2.4205681340447791 -2.323116128312217 0.68211523253342199 10.555100897084113 3.4510290641784671 -7.8669415183689289 -6.4517883253097539 11.526744028796321 9.8562175837430104 -7.0784210002422334 -1.2864116668701173 -6.6232072489602238 -5.3827310507947752 -5.304990568368332 -6.6917220020294197 -7.4910905747186582
leaf_weight=85 24 23 22 29 36 29 23 25 23 20 23 22 20 20 28 22 23 20 21
leaf_count=85 24 23 22 29 36 29 23 25 23 20 23 22 20 20 28 22 23 20 21
internal_value=0.00914007 -3.23054 9.30865 -3.69259 -4.56478 -2.26925 7.26143 6.19446 -5.51197 -3.79764 13.5851 7.68546 -4.54131 -3.65421 -4.48502 -6.86636 -6.12984 -7.37636 -7.68756
internal_weight=538 399 139 376 291 85 94 71 206 56 45 46 120 77 57 86 43 64 44
internal_count=538 399 139 376 291 85 94 71 206 56 45 46 120 77 57 86 43 64 44
is_linear=0
shrinkage=0.05


Tree=2
num_leaves=18
num_cat=0
split_feature=14 29 0 26 0 33 26 33 35 5 15 8 33 30 35 0 38
split_gain=5.85128e+06 676213 441926 196546 163947 125059 109194 108358 107733 173389 75577.9 122161 113078 63193.4 21819.4 19080.5 18620.8
threshold=0.81193701747054225 -0.022038699898396016 1.746999216708242 0.20175254196187326 0.23260565182461576 0.5340701765481507 -0.70302328514684853 0.36646704750437348 0.12143880516494664 1.242904414733695 -0.86542656253550987 -0.43130001574915788 0.039342792770734006 1.0000000180025095e-35 0.018570224154704291 -0.69859339949634125 0.69181935229970415
decision_type=2 2 2 2 2 2 2 2 2 2 2 2 2 2 2 2 2
left_child=1 3 8 6 5 7 -1 10 9 -2 12 15 -3 -10 -7 -12 -16
right_child=2 4 -4 -5 -6 14 -8 -9 13 -11 11 -13 -14 -15 16 -17 -18
leaf_value=0.010844411783748203 2.1916060794483534 -1.3184382683521993 13.703033961568559 4.1607065737247471 -0.031383385658264165 -7.6703174409412203 -4.0868095091411041 -0.58316255069914325 7.4412988198109167 8.4004708455956507 -7.5726197676225144 -3.1258044744792741 -5.7829171429509705 10.898179664611817 -4.8394841734852108 -5.671637565439398 -6.5295184807899673
leaf_weight=72 22 37 35 24 20 21 21 21 39 23 33 38 23 20 28 22 39
leaf_count=72 22 37 35 24 20 21 21 21 39 23 33 38 23 20 28 22 39
internal_value=0.00868303 -3.06901 8.84321 0.126622 -4.39486 -4.72795 -0.914432 -3.95108 7.2077 5.36503 -4.41335 -5.30595 -3.02982 8.61312 -6.26402 -6.81223 -5.82324
internal_weight=538 399 139 117 282 262 93 174 104 45 153 93 60 59 88 55 67
internal_count=538 399 139 117 282 262 93 174 104 45 153 93 60 59 88 55 67
is_linear=0
shrinkage=0.05


Tree=3
num_leaves=19
num_cat=0
split_feature=14 29 25 35 1 33 16 16 8 29 14 29 8 28 35 15 38 28
split_gain=5.28078e+06 610282 410264 133454 123317 125330 120656 88705.6 152408 118609 81310.8 81313.8 66041.5 62791.2 17083.6 15723.7 14862.2 6034.64
threshold=0.81193701747054225 -0.022038699898396016 1.4515822046207807 -0.65462418896328223 0.38299544727797102 0.52286713418747321 -0.13735030193024825 -0.64694227928973869 -0.36111275809408788 0.35720860270222526 -0.87666801509202019 0.70379077157519376 0.42925679549996093 0.34038544845836044 0.018570224154704291 -0.40110126775205429 0.69181935229970415 0.91740566479739349
decision_type=2 2 2 2 2 2 2 2 2 2 2 2 2 2 2 2 2 2
left_child=1 3 6 -1 5 7 -2 9 15 -3 11 -11 -8 -4 -7 -9 -16 -18
right_child=2 4 13 -5 -6 14 12 8 -10 10 -12 -13 -14 -15 16 -17 17 -19
leaf_value=-1.0508832148358793 8.7449708577748897 -5.335502583639963 10.330384218125117 2.5550998289334146 -0.82273670387268061 -7.2868015652611149 6.5826272606849674 -6.866834346226284 -1.1427746295928956 -0.5665686043826017 1.2092624664306642 -4.9716131067276006 3.1528110036849979 14.0741640885671 -4.7188264755102303 -5.2250398197174075 -6.8685216331481946 -5.64024668455124
leaf_weight=79 37 28 21 38 25 21 32 35 20 22 20 20 25 24 26 25 20 20
leaf_count=79 37 28 21 38 25 21 32 35 20 22 20 20 25 24 26 25 20 20
internal_value=0.0082489 -2.91556 8.40105 0.120291 -4.17511 -4.50122 6.52158 -3.71133 -4.92276 -2.63451 -1.4147 -2.66421 5.07832 12.3271 -6.04469 -6.18275 -5.64947 -6.25438
internal_weight=538 399 139 117 282 257 94 170 80 90 62 42 57 45 87 60 66 40
internal_count=538 399 139 117 282 257 94 170 80 90 62 42 57 45 87 60 66 40
is_linear=0
shrinkage=0.05


Tree=4
num_leaves=19
num_cat=0
split_feature=0 2 29 0 23 27 39 26 6 31 31 39 28 27 4 29 27 25
split_gain=4.57156e+06 628104 396418 259388 180820 106953 170326 90275 151554 76471.8 66026.9 62228.3 55189.6 31912.5 21555.9 19389 18089.9 5664.68
threshold=0.40972194162857861 0.86832334856190718 -0.022038699898396016 1.746999216708242 0.19714083456016843 0.22051563458625406 1.0000000180025095e-35 -0.61574565361925482 -0.51924143574921422 0.27289523286717626 0.0056347052306640038 -1.0493903971837952 0.030999768284774253 -0.029957127740902544 1.2624940545209931 0.80481611777479789 0.77957812001833204 -0.8476356622028296
decision_type=2 2 2 2 2 2 2 2 2 2 2 2 2 2 2 2 2 2
left_child=2 4 11 9 -2 6 12 14 -9 10 -3 -1 -4 -8 15 -7 -17 -16
right_child=1 3 5 -5 -6 7 13 8 -10 -11 -12 -13 -14 -15 17 16 -18 -19
leaf_value=-2.4975788139379942 4.6393483668565754 7.5787386757986885 -5.8798647302569762 12.438131791523524 -1.3316380011183877 -4.095985168218613 -1.761322684288025 -0.06118293430494226 -5.6330612421035768 9.1107887155869438 3.8172745361924174 0.35622445195913316 -2.5512420725822449 1.0294057846069335 -6.9397694269816093 -6.7877167633601605 -4.8463943941252579 -5.8290113319050185
leaf_weight=26 32 28 33 35 21 32 20 23 26 34 20 72 20 21 24 21 28 22
leaf_count=26 32 28 33 35 21 32 20 23 26 34 20 72 20 21 24 21 28 22
internal_value=0.00783647 6.7891 -3.12481 8.83463 2.27349 -4.11349 -2.7518 -4.84075 -3.01769 7.29655 6.01146 -0.400907 -4.62378 -0.331925 -5.54414 -5.05324 -5.67839 -6.40854
internal_weight=538 170 368 117 53 270 94 176 49 82 48 98 53 41 127 81 49 46
internal_count=538 170 368 117 53 270 94 176 49 82 48 98 53 41 127 81 49 46
is_linear=0
shrinkage=0.05


Tree=5
num_leaves=21
num_cat=0
split_feature=14 29 0 2 35 38 27 0 29 32 35 0 2 26 1 14 28 32 16 33
split_gain=4.02227e+06 444086 352703 138950 137676 120779 162940 105003 102739 87159 63892.7 59409.8 56682.9 106146 46987.7 34552.8 29621.7 23554.2 27261.6 4799.62
threshold=0.81193701747054225 -0.022038699898396016 1.746999216708242 0.60491242199945272 -0.7257691288543785 0.92873155745728309 0.22051563458625406 -0.80572636368812622 -0.020192399022091179 0.59006012395752616 -0.040445087783483491 1.3621181732726408 0.13455340020196158 -0.42306191704805746 -0.49707919753098362 1.2180118669284663 0.47834085109922425 0.59006012395752616 -0.65313377358634084 0.20037782422264441
decision_type=2 2 2 2 2 2 2 2 2 2 2 2 2 2 2 2 2 2 2 2
left_child=1 3 8 7 -3 6 10 -1 9 11 -6 15 17 -14 16 -2 -8 18 -7 -20
right_child=2 4 -4 -5 5 12 14 -9 -10 -11 -12 -13 13 -15 -16 -17 -18 -19 19 -21
leaf_value=0.0019218832254409791 5.2433746201651443 0.31306918144226076 11.610999385048363 2.9203311856587728 -2.371725420157115 -3.9443598808780793 -3.7725453720092776 -4.1060555526188445 2.5241216206550598 9.2153867981650617 1.2766959110895792 3.3895585764022105 -1.0844439973001896 -6.0649855422973635 -2.3523460927216902 8.1472545194625852 -6.1029214827219649 -6.7662394424964649 -6.3901018532839693 -5.3866512371943553
leaf_weight=60 21 20 34 30 24 31 25 21 20 22 24 21 23 20 23 20 30 29 22 26
leaf_count=60 21 20 34 30 24 31 25 21 20 22 24 21 23 20 23 20 30 29 22 26
internal_value=-0.188953 -2.6848 7.19008 0.0134962 -3.69326 -3.98252 -2.83957 -1.06311 5.74478 6.51161 -0.547515 5.5522 -4.93625 -3.40097 -4.25007 6.6599 -5.04366 -5.54751 -5.10013 -5.84657
internal_weight=546 408 138 111 297 277 126 81 104 84 48 62 151 43 78 41 55 108 79 48
internal_count=546 408 138 111 297 277 126 81 104 84 48 62 151 43 78 41 55 108 79 48
is_linear=0
shrinkage=0.05


Tree=6
num_leaves=20
num_cat=0
split_feature=14 29 25 31 33 4 28 2 29 2 36 8 38 35 35 33 15 28 29
split_gain=3.6301e+06 400787 323527 130739 128822 110422 147525 93044.7 123010 83725.6 223280 71507.2 59915.3 39126.9 36889 17104.5 15291.7 7288.76 5458.86
threshold=0.81193701747054225 -0.022038699898396016 1.3732162893526916 -0.10949484263456602 0.81051287930461335 1.0000000180025095e-35 -0.21157008824326468 1.1264455535191409 -1.1098360877636428 -0.35673858653100116 1.0000000180025095e-35 1.5095302394084293 -0.45823989603805831 0.55274042579539762 -0.21772428129980795 0.11282637925596085 -0.49138674173772617 0.52805370397584894 1.3205943707537138
decision_type=2 2 2 2 2 2 2 2 2 2 2 2 2 2 2 2 2 2 2
left_child=1 3 7 12 5 6 -3 8 -2 16 -11 -4 -1 -8 -12 -16 17 -7 -6
right_child=2 4 11 -5 18 9 13 -9 -10 10 14 -13 -14 -15 15 -17 -18 -19 -20
leaf_value=-0.24002606445743191 6.0275860279798508 1.7592119614283246 8.2424584376811989 2.8983054736564902 -5.3472585739627965 -5.0275674343109138 -1.8974626708675075 7.1609649645315629 1.397467928666335 1.2518040380477906 -2.5587844586372377 12.330357767188032 -3.3873033845424652 -4.5601579926230693 -6.2273831129074102 -4.2280695210332455 -4.2047700047492986 -6.3464170265197755 -6.3913346971784328
leaf_weight=62 32 24 20 29 31 22 37 37 26 25 20 23 20 22 20 23 32 20 21
leaf_count=62 32 24 20 29 31 22 37 37 26 25 20 23 20 22 20 23 32 20 21
internal_value=-0.179505 -2.55056 6.83058 0.0128214 -3.5086 -3.02886 -1.54589 5.20182 3.95202 -3.78865 -2.74629 10.429 -1.00765 -2.89033 -4.33284 -5.15798 -5.02821 -5.65559 -5.7689
internal_weight=546 408 138 111 297 245 83 95 58 162 88 43 82 59 63 43 74 42 52
internal_count=546 408 138 111 297 245 83 95 58 162 88 43 82 59 63 43 74 42 52
is_linear=0
shrinkage=0.05


Tree=7
num_leaves=19
num_cat=0
split_feature=14 27 0 4 2 36 16 35 2 26 24 34 8 35 34 35 5 2
split_gain=3.27616e+06 299908 292943 224107 154636 172547 115362 152209 68892.1 99373.7 55848.9 49734.7 44691.3 39584.6 47448.7 75113.7 26469.8 2724.59
threshold=0.81193701747054225 0.0279190419270809 1.746999216708242 1.101146266640302 0.13455340020196158 1.0000000180025095e-35 -0.6098197786207803 -0.7257691288543785 1.1107946452285906 1.2648092142106917 0.92340478118926994 0.24333213169614396 -0.54726157187492552 0.76944090072167148 0.24333213169614396 -0.011054057606499208 1.4359877265982224 -0.69349601722741894
decision_type=2 2 2 2 2 2 2 2 2 2 2 2 2 2 2 2 2 2
left_child=1 3 8 6 10 -6 7 -1 9 -2 12 -10 -3 14 -14 -16 -11 -12
right_child=2 4 -4 -5 5 -7 -8 -9 11 16 17 -13 13 -15 15 -17 -18 -19
leaf_value=-0.4354408209974116 1.306183774130685 -1.9976426474253337 10.518069441178266 -5.560511656999588 1.2579515337944032 -3.6959288914998378 -2.5884454647699995 3.7234619892004766 8.3659731084650222 4.2674422335624698 -5.3313624547875449 4.9641400938942324 -4.962156360577314 -5.9241570281982421 -4.9545146369934088 -0.94255844524928512 6.8398802351951602 -6.1009746966154683
leaf_weight=66 21 30 34 20 32 39 30 33 22 20 23 21 39 25 20 28 20 23
leaf_count=66 21 30 34 20 32 39 30 33 22 20 23 21 39 25 20 28 20 23
internal_value=-0.17053 -2.42303 6.48905 -0.635761 -3.45123 -1.46319 0.127766 0.95086 5.17187 4.09141 -4.20204 6.70461 -3.71154 -4.17062 -3.66674 -2.61421 5.55366 -5.71617
internal_weight=546 408 138 149 259 71 129 99 104 61 188 43 142 112 87 48 40 46
internal_count=546 408 138 149 259 71 129 99 104 61 188 43 142 112 87 48 40 46
is_linear=0
shrinkage=0.05


Tree=8
num_leaves=20
num_cat=0
split_feature=14 29 25 2 39 33 18 8 29 2 28 0 2 29 8 38 33 26 23
split_gain=2.95674e+06 332492 269255 116779 116200 92399.9 105113 97015 92278.7 128522 143415 89559.2 75510.2 106077 62583.1 20420.2 17330 4669.12 1742.08
threshold=0.81193701747054225 -0.022038699898396016 1.3732162893526916 0.60491242199945272 0.31576894649045045 0.5340701765481507 -0.34012583433807159 -0.36111275809408788 0.34177551624087293 -0.94234251125231028 0.10749129766960745 -0.80572636368812622 1.1264455535191409 -1.1098360877636428 1.5095302394084293 0.52161058354571521 0.20037782422264441 -0.63291277196017559 0.31365480361780845
decision_type=2 2 2 2 2 2 2 2 2 2 2 2 2 2 2 2 2 2 2
left_child=1 3 12 11 5 6 8 16 -3 10 -10 -1 13 -2 -4 -7 18 -17 -8
right_child=2 4 14 -5 -6 15 7 -9 9 -11 -12 -13 -14 -15 -16 17 -18 -19 -20
leaf_value=0.029518082241217297 5.4802437103353441 -4.2159553747910721 7.4018017625808712 2.6977491911252343 0.16108736197153728 -3.8232826024293902 -5.2408710193634036 -1.1522795720533892 1.085696029663086 2.5416952337537495 -4.4579304184232447 -3.7643505164555147 6.4436300773878363 1.1806030200077939 11.226119281934656 -5.0606564914478973 -3.9659287991347139 -6.0234429550170905 -5.8789282757302992
leaf_weight=60 32 26 20 30 24 32 20 22 20 21 28 21 37 26 23 34 27 20 23
leaf_count=60 32 26 20 30 24 32 20 22 20 21 28 21 37 26 23 34 27 20 23
internal_value=-0.162003 -2.30188 6.1646 0.0329027 -3.17448 -3.46772 -2.84391 -4.04851 -1.67734 -0.720761 -2.14809 -0.954077 4.67871 3.55282 9.44737 -4.82414 -4.95875 -5.41724 -5.58216
internal_weight=546 408 138 111 297 273 187 92 95 69 48 81 95 58 43 86 70 54 43
internal_count=546 408 138 111 297 273 187 92 95 69 48 81 95 58 43 86 70 54 43
is_linear=0
shrinkage=0.05


Tree=9
num_leaves=21
num_cat=0
split_feature=14 29 0 35 31 38 29 29 32 0 38 32 34 25 33 35 29 26 15 23
split_gain=2.66845e+06 300074 243263 111193 109456 92497.4 121290 82264.8 73551.1 62686 48482.1 46468.1 54044 102309 34234.6 32512.1 26184.4 24892.6 12197.4 4176.47
threshold=0.81193701747054225 -0.022038699898396016 1.746999216708242 -0.7257691288543785 -0.10949484263456602 0.92873155745728309 0.56015873430660779 -0.020192399022091179 0.59006012395752616 1.3621181732726408 -0.45823989603805831 0.59006012395752616 0.24333213169614396 -0.74813027903004947 0.76986981872162685 0.53011399549137495 0.38603919699888495 1.3898544556732757 -0.6848556145641661 -0.10105550223674557
decision_type=2 2 2 2 2 2 2 2 2 2 2 2 2 2 2 2 2 2 2 2
left_child=1 4 7 -3 10 6 16 8 9 17 -1 12 13 -7 15 -8 -5 -2 -14 -13
right_child=2 3 -4 5 -6 11 14 -9 -10 -11 -12 19 18 -15 -16 -17 -18 -19 -20 -21
leaf_value=-0.21195592630294061 4.3363033628463752 0.58467653810977938 9.527889414394604 -1.3318000759397235 2.6714540333583439 -0.26787731205975568 -1.9272650051116944 1.7741222429275514 7.8259993986649947 2.2394303798675539 -3.0430655425786974 -5.998751761696556 -5.6106990857557824 -4.5448936462402347 -5.1799706112254746 -4.4543792057037352 1.003811245872861 6.8010508173987976 -4.0713038905974361 -5.0004241949319841
leaf_weight=62 20 20 34 28 29 27 35 20 22 21 20 22 22 29 22 20 21 21 31 20
leaf_count=62 20 20 34 28 29 27 35 20 22 21 20 22 22 29 22 20 21 21 31 20
internal_value=-0.153903 -2.18679 5.85637 -3.01576 0.0312576 -3.27571 -2.27549 4.65606 5.34224 4.46091 -0.90247 -4.11034 -3.56588 -2.48276 -3.513 -2.84622 -0.330824 5.59873 -4.7103 -5.52336
internal_weight=546 408 138 297 111 277 126 104 84 62 82 151 109 56 77 55 49 41 53 42
internal_count=546 408 138 297 111 277 126 104 84 62 82 151 109 56 77 55 49 41 53 42
is_linear=0
shrinkage=0.05


Tree=10
num_leaves=19
num_cat=0
split_feature=14 29 29 0 4 31 22 22 0 27 26 5 32 38 34 5 29 29
split_gain=2.81381e+06 299369 201920 209416 125167 150432 126578 133315 67493.2 65946.4 63336.2 121096 40827.3 74303.3 30983.4 24495 10081.2 22558.2
threshold=0.81193701747054225 0.44000770581868048 0.033586760093775959 1.746999216708242 0.93979847875961053 0.031885751416641177 0.38759291304112248 1.0000000180025095e-35 1.4635693841931898 0.152936944490045 -0.62213182245739496 -0.5858545748599886 0.59006012395752616 0.69181935229970415 0.24333213169614396 1.2069433394580666 1.0842689808427661 0.62028159354232471
decision_type=2 2 2 2 2 2 2 2 2 2 2 2 2 2 2 2 2 2
left_child=1 4 3 8 6 -6 7 14 9 15 12 -12 16 -14 -1 -2 17 -3
right_child=2 10 -4 -5 5 -7 -8 -9 -10 -11 11 -13 13 -15 -16 -17 -18 -19
leaf_value=-0.18608666750100944 6.7954285528348839 -5.2873182535171512 1.592402229309082 10.424212923916905 -5.1871703211907985 0.38269978003068406 3.0136756598949432 -4.0429076454856183 3.6277504664201006 9.0351483058929443 1.0673700126734647 -3.7216714533892543 -0.7415118603706361 -4.6364140431086218 2.0198100805282593 4.5344560852050781 -5.2302996456623081 -3.3292804874871909
leaf_weight=78 23 24 20 33 27 22 32 22 26 20 22 33 25 24 20 25 28 38
leaf_count=78 23 24 20 33 27 22 32 22 26 20 22 33 25 24 20 25 28 38
internal_value=0.356582 -1.84117 6.26209 6.99748 -0.488851 -2.68641 0.219573 -0.525521 5.79448 6.62293 -3.24228 -1.80605 -3.81056 -2.64922 0.264096 5.61784 -4.44285 -4.08723
internal_weight=542 395 147 127 201 49 152 120 94 68 194 55 139 49 98 48 90 62
internal_count=542 395 147 127 201 49 152 120 94 68 194 55 139 49 98 48 90 62
is_linear=0
shrinkage=0.05


Tree=11
num_leaves=19
num_cat=0
split_feature=14 29 29 0 4 31 22 22 32 0 26 36 28 27 27 36 35 38
split_gain=2.53946e+06 270181 182233 189472 112963 135765 114236 120317 68046.3 67319.9 57160.9 109427 48081.1 40464.1 34845.8 19030.8 16414.9 5536.8
threshold=0.81193701747054225 0.44000770581868048 0.033586760093775959 1.7783032317795884 0.93979847875961053 0.031885751416641177 0.38759291304112248 1.0000000180025095e-35 0.59006012395752616 1.4635693841931898 -0.62213182245739496 1.0000000180025095e-35 0.23948777645361063 0.034259564723790666 0.59317938431362716 1.0000000180025095e-35 0.71509083340003665 0.92873155745728309
decision_type=2 2 2 2 2 2 2 2 2 2 2 2 2 2 2 2 2 2
left_child=1 4 3 8 6 -6 7 15 9 13 12 -12 -3 -2 17 -1 -16 -14
right_child=2 10 -4 -5 5 -7 -8 -9 -10 -11 11 -13 14 -15 16 -17 -18 -19
leaf_value=-0.11298085559498182 4.5579985523720579 -2.0170393926437415 1.5127821493148805 10.120288963317872 -4.9278117382967919 0.36356476978822189 2.8629919290542603 -3.8407622684131972 7.7619892083681554 2.3136185717582705 0.55541404794763638 -3.9058051347732547 -5.8275554847717288 7.4196694192432222 -2.5941340815275908 1.5850906689961752 -4.2681462959006984 -4.7114108033180235
leaf_weight=77 30 35 20 30 27 22 32 22 26 20 27 28 20 21 32 21 27 25
leaf_count=77 30 35 20 30 27 22 32 22 26 20 27 28 20 21 32 21 27 25
internal_value=0.338753 -1.74911 5.94899 6.6476 -0.464409 -2.55209 0.208594 -0.499245 5.57358 4.77219 -3.08016 -1.71575 -3.62004 5.73633 -4.15951 0.250892 -3.36021 -5.20748
internal_weight=542 395 147 127 201 49 152 120 97 71 194 55 139 51 104 98 59 45
internal_count=542 395 147 127 201 49 152 120 97 71 194 55 139 51 104 98 59 45
is_linear=0
shrinkage=0.05


Tree=12
num_leaves=19
num_cat=0
split_feature=14 29 29 0 4 31 31 31 7 14 33 26 5 28 27 27 33 14
split_gain=2.29187e+06 243838 164465 172381 101949 122528 107545 91937.9 62418.1 53752.6 52309.4 51587.7 106707 43393.2 31448.4 27442 15935.1 5049.34
threshold=0.81193701747054225 0.44000770581868048 0.033586760093775959 1.746999216708242 0.93979847875961053 0.031885751416641177 0.23226864992187249 -0.039717084049359343 0.88610601265051725 1.5704337826137216 0.032937725037085148 -0.62213182245739496 -0.5858545748599886 0.23948777645361063 0.59317938431362716 0.0279190419270809 0.72573310069262498 -0.87748744188871919
decision_type=2 2 2 2 2 2 2 2 2 2 2 2 2 2 2 2 2 2
left_child=1 4 3 8 6 -6 7 10 -2 15 -1 13 -13 -3 17 -10 -16 -15
right_child=2 11 -4 -5 5 -7 -8 -9 9 -11 -12 12 -14 14 16 -17 -18 -19
leaf_value=-0.37219730454036992 7.4241845707098655 -1.9161873948574066 1.4371430492401123 9.4242174784342456 -4.6814211880719219 0.34538651379671964 2.9969906388648919 -3.4490232558477496 4.0241577343507249 2.2786025691032412 2.4763578158617019 1.0673439589413731 -3.4281701492540764 -5.539257020950318 -2.0447323369979862 6.3839412416730612 -3.7806405629867168 -4.4733768975734716
leaf_weight=83 24 35 20 33 27 22 28 21 22 20 20 22 33 20 20 28 39 25
leaf_count=83 24 35 20 33 27 22 28 21 22 20 20 22 33 20 20 28 39 25
internal_value=0.321815 -1.66165 5.65154 6.31522 -0.441188 -2.42449 0.198165 -0.433828 5.22377 4.46934 0.18092 -2.92615 -1.62996 -3.43903 -3.95153 5.34564 -3.1922 -4.9471
internal_weight=542 395 147 127 201 49 152 124 94 70 103 194 55 139 104 50 59 45
internal_count=542 395 147 127 201 49 152 124 94 70 103 194 55 139 104 50 59 45
is_linear=0
shrinkage=0.05


Tree=13
num_leaves=19
num_cat=0
split_feature=14 29 29 0 22 26 7 27 14 26 36 28 29 27 27 26 35 38
split_gain=2.06841e+06 220064 148430 155574 92327.8 118368 56332.3 55281.4 48511.7 46557.9 96334.6 39162.4 34270.4 28382.1 25165.8 23549.5 15242.4 4593.55
threshold=0.81193701747054225 0.44000770581868048 0.033586760093775959 1.746999216708242 0.38759291304112248 -0.70645670838527186 0.88610601265051725 0.09186821260242127 1.5704337826137216 -0.62213182245739496 1.0000000180025095e-35 0.23948777645361063 1.0000000180025095e-35 0.59317938431362716 0.10380016186235048 -0.48060609783815261 0.71509083340003665 0.92873155745728309
decision_type=2 2 2 2 2 2 2 2 2 2 2 2 2 2 2 2 2 2
left_child=1 4 3 6 5 7 -2 12 14 11 -11 -3 -1 17 -8 -7 -15 -13
right_child=2 9 -4 -5 -6 15 8 -9 -10 10 -12 13 -14 16 -16 -17 -18 -19
leaf_value=0.016168299272878849 7.0529753764470415 -1.820378056934902 1.3652858304977418 8.9530066634669456 1.8750592986742658 -3.9720108727614085 4.0430393978401469 2.2794269735162911 2.1646724367141723 0.58250147501627614 -3.6033279997961865 -5.264544334411621 -2.3423381614685059 -2.2943818729370835 6.293724723484206 -1.9000839844346047 -3.9074973424275719 -4.2479079380035403
leaf_weight=67 24 35 20 33 36 24 27 22 20 27 28 20 20 32 23 32 27 25
leaf_count=67 24 35 20 33 36 24 27 22 20 27 28 20 20 32 23 32 27 25
internal_value=0.305724 -1.57857 5.36896 5.99946 -0.419129 -0.919679 4.96258 0.0402193 4.24587 -2.77985 -1.54847 -3.26708 -0.526017 -3.75395 5.07835 -2.78805 -3.03259 -4.69975
internal_weight=542 395 147 127 201 165 94 109 70 194 55 139 87 104 50 56 59 45
internal_count=542 395 147 127 201 165 94 109 70 194 55 139 87 104 50 56 59 45
is_linear=0
shrinkage=0.05


Tree=14
num_leaves=19
num_cat=0
split_feature=14 29 29 0 4 22 22 5 32 0 26 5 28 27 27 34 33 14
split_gain=1.86674e+06 198608 133958 141018 85550.2 92490.5 102593 75846.8 60374.3 56051.9 42018.5 94028.4 35344.1 34535.4 25614.9 25099.5 14793.8 4189.58
threshold=0.81193701747054225 0.44000770581868048 0.033586760093775959 1.7783032317795884 0.93979847875961053 0.38759291304112248 1.0000000180025095e-35 -0.60355848884183649 0.59006012395752616 1.4635693841931898 -0.62213182245739496 -0.5858545748599886 0.23948777645361063 0.034259564723790666 0.59317938431362716 0.24333213169614396 0.72573310069262498 -0.87748744188871919
decision_type=2 2 2 2 2 2 2 2 2 2 2 2 2 2 2 2 2 2
left_child=1 4 3 8 5 6 15 -6 9 13 12 -12 -3 -2 17 -1 -16 -14
right_child=2 10 -4 -5 7 -7 -8 -9 -10 -11 11 -13 14 -15 16 -17 -18 -19
leaf_value=-0.16191072708521137 3.8092227753003436 -1.7293591267721995 1.2970216131210328 8.6954134941101078 -4.0651653060546291 2.575935406237841 -3.5350146857174964 -0.12344255240067192 6.8342695740553054 1.7746564173698425 1.0609576442024924 -3.1590433568665475 -5.0041501045227053 6.4529522853238248 -1.7753504824638366 1.8235124206542972 -3.4479360531537964 -4.0332460994720458
leaf_weight=78 30 35 20 30 26 32 22 23 26 20 22 33 20 21 20 20 39 25
leaf_count=78 30 35 20 30 26 32 22 23 26 20 22 33 20 21 20 20 39 25
internal_value=0.290438 -1.49964 5.10051 5.69949 -0.398172 0.187505 -0.449409 -2.21497 4.77292 4.01805 -2.64085 -1.47104 -3.10373 4.89782 -3.56626 0.243278 -2.88096 -4.46476
internal_weight=542 395 147 127 201 152 120 49 97 71 194 55 139 51 104 98 59 45
internal_count=542 395 147 127 201 152 120 49 97 71 194 55 139 51 104 98 59 45
is_linear=0
shrinkage=0.05


Tree=15
num_leaves=19
num_cat=0
split_feature=14 8 26 27 25 17 6 25 27 27 27 35 34 25 16 0 33 33
split_gain=1.60476e+06 172298 163818 114315 109002 100112 79741.7 53226.7 44682.8 26680.8 65173.6 37746 47862 29847 69927 63639.1 16099.6 19549.5
threshold=0.81193701747054225 2.2815900736141992 0.5915147906527084 -0.24588254648662441 1.3732162893526916 0.31524329230967257 1.169226698185394 1.1630310621683859 0.11888007427532053 -0.084498075558703714 0.034259564723790666 0.17252319446660849 0.62184878100125662 -0.75591849325219995 0.033099238615112249 -0.80326793270617791 0.20037782422264441 0.56886717204414949
decision_type=2 2 2 2 2 2 2 2 2 2 2 2 2 2 2 2 2 2
left_child=2 4 3 -1 6 9 -2 8 -8 -5 -11 16 13 15 -15 -13 -12 -18
right_child=1 -3 -4 5 -6 -7 7 -9 -10 10 11 12 -14 14 -16 -17 17 -19
leaf_value=-0.51381761844015938 0.6578407967090607 8.6077776902914049 2.175686240196228 -4.4713105996449789 6.2488471285502118 0.31715147671876132 3.185093904625286 1.8103319105894671 6.3718138044530699 0.0081476402282714844 -5.0170400710332963 -2.4375164172228647 -4.1648970080960188 -4.627513054847717 -0.66095627546310431 1.1169515204429625 -2.4753536018831976 -4.2814201554944438
leaf_weight=88 30 20 24 24 30 27 22 23 22 20 21 34 31 25 20 20 29 31
leaf_count=88 30 20 24 24 30 27 22 23 22 20 21 34 31 25 20 20 29 31
internal_value=-0.164069 4.29419 -1.82743 -2.08709 3.61488 -2.57804 2.80026 3.75955 4.77845 -2.88459 -2.71974 -2.97831 -2.45043 -1.91357 -2.8646 -1.12105 -3.82552 -3.40849
internal_weight=541 147 394 370 127 282 97 67 44 255 231 211 130 99 45 54 81 60
internal_count=541 147 394 370 127 282 97 67 44 255 231 211 130 99 45 54 81 60
is_linear=0
shrinkage=0.05


Tree=16
num_leaves=21
num_cat=0
split_feature=14 29 8 29 26 26 14 23 35 33 1 35 16 29 2 33 30 6 24 28
split_gain=1.44829e+06 172877 172727 163170 82527.6 73374.6 58997.5 59204.4 74790.9 46998.9 34612.8 31430.3 38781.9 85328.4 28517.9 27408.8 16534.5 11734.4 11110.4 10520.7
threshold=0.81193701747054225 0.32975097258636815 2.1625768975903852 0.43205447563445204 0.54482022572842748 -0.70494600230157267 1.2655776605795857 -0.040823278004021461 0.25159905499560214 -0.0413610697750273 0.089637232341652731 0.33673971342512315 -0.65313377358634084 1.0619240888562076 0.93212603808916261 -0.067773221680316451 0.82714813248142105 -0.79840663463235928 1.0000000180025095e-35 -0.61582663014213923
decision_type=2 2 2 2 2 2 2 2 2 2 2 2 2 2 2 2 2 2 2 2
left_child=3 2 6 4 5 15 14 8 -8 -7 11 16 13 -13 -2 19 18 -14 -5 -1
right_child=1 -3 -4 10 -6 9 7 -9 -10 -11 -12 12 17 -15 -16 -17 -18 -19 -20 -21
leaf_value=-0.3487567936672884 1.302189949425784 -0.12057680856613887 9.0413878691196441 -4.6370632687130486 2.3173550629615782 -3.7042535203875917 6.0515486216545114 7.1279824200130655 1.7792500064486552 -1.1088485150723846 -0.84645680472964335 1.0228799729120164 -2.6160683768136161 -3.3004272441864013 3.8480378056114368 1.3651292346772694 -2.4825653704729951 -4.3083309102058411 -3.3169486546090674 -1.6533163690567017
leaf_weight=68 22 21 20 37 20 33 20 21 21 37 21 21 21 25 22 21 22 20 28 20
leaf_count=68 22 21 20 37 20 33 20 21 21 37 21 21 21 25 22 21 22 20 28 20
internal_value=-0.155866 4.07948 4.77949 -1.73606 -0.728818 -1.06917 3.97536 4.96908 3.8633 -2.3324 -2.76396 -2.99538 -2.32338 -1.32674 2.57511 -0.257927 -3.66738 -3.44156 -4.0684 -0.645248
internal_weight=541 147 126 394 199 179 106 62 41 70 195 174 87 46 44 109 87 41 65 88
internal_count=541 147 126 394 199 179 106 62 41 70 195 174 87 46 44 109 87 41 65 88
is_linear=0
shrinkage=0.05


Tree=17
num_leaves=20
num_cat=0
split_feature=0 29 2 8 33 29 39 36 28 31 31 8 31 35 8 15 35 28 33
split_gain=1.27122e+06 254470 220401 219260 98615.9 112055 72394.2 51968.9 36889.7 35495.6 37524.4 32056.4 109523 44129.7 20971 35708.9 17376.1 4962.78 10460
threshold=0.9381753437659025 0.43205447563445204 0.90586112020880594 2.5165648057637813 0.5340701765481507 -1.1098360877636428 -1.0493903971837952 1.0000000180025095e-35 -0.059208395575712676 0.11076385595653819 0.24644420778229301 -0.39468057697259967 0.010209884222700348 -0.2660095427785385 -0.53505509228273962 -0.594570140578494 0.35470090679427907 0.59117696561670852 0.37706452965824105
decision_type=2 2 2 2 2 2 2 2 2 2 2 2 2 2 2 2 2 2 2
left_child=1 2 6 4 5 -2 8 -6 -1 17 -11 13 -13 -8 15 16 -12 18 -3
right_child=3 9 -4 -5 7 -7 11 -9 -10 10 14 12 -14 -15 -16 -17 -18 -19 -20
leaf_value=-3.8422175941467289 4.1454010192837032 -4.1608197202285133 4.3229899199112607 8.8955315771557046 3.5958611019726456 -0.28910421174148032 -0.18746091731182943 6.9088931894302368 -1.1522261802966778 -0.85877056699810606 -3.981712514162064 -1.6687309197017126 3.4378255321865994 -2.6833544772604241 -3.8122114209567801 -0.51806766629219059 -2.0585099261739983 -4.4069742393493661 -2.6125645101070405
leaf_weight=25 28 24 23 21 29 29 77 20 26 33 24 21 21 23 34 20 23 20 20
leaf_count=25 28 24 23 21 29 29 77 20 26 33 24 21 21 23 34 20 23 20 20
internal_value=-0.148073 -1.49048 -0.303635 4.22796 3.30326 1.88925 -0.854995 4.94812 -2.47085 -2.78522 -2.32256 -0.274653 0.884547 -0.761516 -2.80083 -2.28758 -3.04057 -3.75391 -3.45707
internal_weight=541 414 216 127 106 57 193 49 51 198 134 142 42 100 101 67 47 64 44
internal_count=541 414 216 127 106 57 193 49 51 198 134 142 42 100 101 67 47 64 44
is_linear=0
shrinkage=0.05


Tree=18
num_leaves=19
num_cat=0
split_feature=14 26 8 25 33 16 16 6 33 33 26 28 6 22 33 34 26 26
split_gain=1.18323e+06 127880 122613 90413.8 77264.1 69391.9 60201.3 34377.6 31437.8 49999.5 63291.2 84230.9 58787.1 29600.8 33336.1 24097.6 5395.41 7356.21
threshold=0.81193701747054225 0.5915147906527084 2.2815900736141992 1.3732162893526916 -0.79142936445664491 0.53098790832588083 1.6615982542365622 1.169226698185394 0.56886717204414949 -0.0413610697750273 -0.61574565361925482 0.030999768284774253 -0.84846384270795772 -0.26247132165577053 -0.23176624064993082 0.24333213169614396 -0.63291277196017559 -0.71922904470575932
decision_type=2 2 2 2 2 2 2 2 2 2 2 2 2 2 2 2 2 2
left_child=1 4 3 5 -1 7 8 -2 9 13 12 -12 -11 14 -6 -9 17 -10
right_child=2 -3 -4 -5 6 -7 -8 15 16 10 11 -13 -14 -15 -16 -17 -18 -19
leaf_value=-0.36540617942810061 1.3836915655569597 1.9679003675778706 7.3264095163345333 5.5133882455031085 -1.1055794821845162 -0.25146168231964111 0.13478296353266792 4.5768485789949249 -3.5703621745109562 -0.5670569929583319 -2.106982078552246 2.4269278959858989 -3.5396424758128635 -4.5439927670088682 -3.5087160787274763 2.4405129411003808 -3.9267846047878265 -2.4606286242604258
leaf_weight=75 22 24 20 30 27 20 26 33 28 29 20 21 39 22 31 22 20 32
leaf_count=75 22 24 20 30 27 20 26 33 28 29 20 21 39 22 31 22 20 32
internal_value=-0.140669 -1.56896 3.68754 3.1145 -1.79838 2.37257 -2.1627 3.05414 -2.38476 -2.03309 -1.33637 0.215264 -2.27192 -2.98236 -2.39001 3.72231 -3.21557 -2.9785
internal_weight=541 394 147 127 370 97 295 77 269 189 109 41 68 80 58 55 80 60
internal_count=541 394 147 127 370 97 295 77 269 189 109 41 68 80 58 55 80 60
is_linear=0
shrinkage=0.05


Tree=19
num_leaves=18
num_cat=0
split_feature=14 29 8 29 0 25 31 35 27 34 26 2 33 27 38 27 25
split_gain=1.06787e+06 139967 128616 122601 85279.4 55468.2 51214.3 37541.5 47285.4 31605.4 39369.5 138835 39585.5 54466.3 21690.8 13022 9483.11
threshold=0.81193701747054225 0.32975097258636815 2.1625768975903852 -0.30759852812793104 0.23260565182461576 1.3526573083410049 -0.098369400060070347 0.46153494920099153 0.10851764667176433 0.62184878100125662 -0.43137079664567174 -0.12411153575878366 -0.23176624064993082 0.76044956146756348 0.69181935229970415 0.18137564604219608 -0.88444830242078176
decision_type=2 2 2 2 2 2 2 2 2 2 2 2 2 2 2 2 2
left_child=3 2 5 6 9 7 -1 8 -2 10 11 12 -5 15 -11 -14 -17
right_child=1 -3 -4 4 -6 -7 -8 -9 -10 14 -12 -13 13 -15 -16 16 -18
leaf_value=-0.57222680958305927 2.2757598592389017 -0.27603230703444709 7.8106821012496956 -0.18066844940185547 0.77675654602050781 5.3955981126538033 2.1951447078159876 1.2142809005884025 5.3067124377597459 -2.2604940652847292 -3.5347901869903917 1.8725031172235806 -2.1919172150748119 -0.95188879867394771 -4.0496013561884565 -4.1302509734505106 -2.8910065834338852
leaf_weight=82 31 21 20 20 25 27 21 26 22 32 33 24 21 36 36 38 26
leaf_count=82 31 21 20 20 25 27 21 26 22 32 33 24 21 36 36 38 26
internal_value=-0.133635 3.50317 4.13303 -1.49051 -2.01525 3.43914 -0.00800543 2.77048 3.53389 -2.27766 -1.95826 -1.64295 -2.24133 -2.58193 -3.20767 -3.27231 -3.62681
internal_weight=541 147 126 394 291 106 103 79 53 266 198 165 141 121 68 85 64
internal_count=541 147 126 394 291 106 103 79 53 266 198 165 141 121 68 85 64
is_linear=0
shrinkage=0.05


Tree=20
num_leaves=19
num_cat=0
split_feature=14 29 39 18 7 22 18 31 33 33 0 24 29 29 35 33 35 33
split_gain=988285 336151 85146.3 122364 75423.5 62646.4 63693.5 54097.3 46619.4 145856 42434.7 69832.3 38094.3 26661.5 21946 17091.6 15555.7 13135.1
threshold=0.39836046738750314 0.25604130683187293 1.0046688004742137 0.5797071537449866 0.88610601265051725 0.38759291304112248 -0.34012583433807159 0.22301828710229107 0.10956562011625849 -0.051958545291272251 -0.53546284465496219 0.92340478118926994 0.45723977684044464 0.34177551624087293 0.71509083340003665 0.20037782422264441 0.2315385173711853 0.72573310069262498
decision_type=2 2 2 2 2 2 2 2 2 2 2 2 2 2 2 2 2 2
left_child=5 2 -2 4 -4 6 8 -6 9 13 15 -12 -10 -1 16 -8 -14 -17
right_child=1 -3 3 -5 7 -7 10 -9 12 -11 11 -13 14 -15 -16 17 -18 -19
leaf_value=-1.9026921389854117 5.9907843822088003 -1.4048278331756592 6.9613626539707187 0.55444358825683604 4.9949200082708289 1.1326393532752992 -4.0920874724517002 1.8848442812803492 -0.16259801864624024 3.1022466724569147 -3.6163323061806816 0.1979039788246155 -2.89098058629919 -0.17179879350587726 -4.0367335975170135 -1.7644004637544808 -1.1214655855427618 -3.4395516777038573
leaf_weight=73 39 36 20 30 27 20 37 29 20 22 21 28 27 32 20 22 23 25
leaf_count=73 39 36 20 30 27 20 37 29 20 22 21 28 27 32 20 22 23 25
internal_value=-0.107972 2.91962 3.99327 3.25834 4.32567 -1.58904 -1.74456 3.38435 -1.2165 -0.599564 -2.60612 -1.43677 -2.08708 -1.37518 -2.63693 -3.28825 -2.077 -2.65544
internal_weight=551 181 145 106 76 370 350 56 217 127 133 49 90 105 70 84 50 47
internal_count=551 181 145 106 76 370 350 56 217 127 133 49 90 105 70 84 50 47
is_linear=0
shrinkage=0.05


Tree=21
num_leaves=20
num_cat=0
split_feature=14 30 8 2 39 8 22 18 8 8 0 24 5 35 36 28 35 33 33
split_gain=891927 222813 170737 69581.6 95269.5 89644.6 56538.4 57483.4 50258 75251.9 38338.5 65190.7 36135.1 27917.4 49266.5 30252.3 17845.1 14692.2 11854.4
threshold=0.39836046738750314 0.82714813248142105 1.5095302394084293 0.75283535476883978 1.0046688004742137 -0.071208867779668519 0.38759291304112248 -0.34012583433807159 -0.36111275809408788 -0.51674537289446032 -0.52688565178778879 0.92340478118926994 -0.82624053189476565 0.70226141190369329 1.0000000180025095e-35 0.10749129766960745 0.03933055297633941 0.20037782422264441 0.72573310069262498
decision_type=2 2 2 2 2 2 2 2 2 2 2 2 2 2 2 2 2 2 2
left_child=6 2 3 -2 -5 -6 7 8 9 12 17 -12 13 14 15 -1 -16 -9 -19
right_child=1 -3 -4 4 5 -7 -8 10 -10 -11 11 -13 -14 -15 16 -17 -18 18 -20
leaf_value=-0.88853416991612277 0.45773369302352274 -1.6085730743408204 6.3907898234693628 5.8577367401123048 4.614093352854252 0.73022535428022728 1.0760074019432069 -3.8448227581224943 -3.4803482532501224 1.8486604858528484 -3.4355157030480252 0.27891242945635758 -3.2544017159938812 -2.5245352020263674 -0.41500961780548096 -3.1205797457695006 1.5564687517782054 -1.676180490580472 -3.2675740795135497
leaf_weight=63 30 25 38 25 24 39 20 38 21 22 21 27 20 25 22 20 24 22 25
leaf_count=63 30 25 38 25 24 39 20 38 21 22 21 27 20 25 22 20 24 22 25
internal_value=-0.102573 2.77364 3.47591 2.53722 3.24614 2.20979 -1.50958 -1.65733 -1.15568 -0.906608 -2.47582 -1.34615 -1.25497 -0.995309 -0.698947 -1.42638 0.613588 -3.11375 -2.52267
internal_weight=551 181 156 118 88 63 370 350 217 196 133 48 174 154 129 83 46 85 47
internal_count=551 181 156 118 88 63 370 350 217 196 133 48 174 154 129 83 46 85 47
is_linear=0
shrinkage=0.05


Tree=22
num_leaves=20
num_cat=0
split_feature=2 39 18 28 29 35 38 16 29 29 32 33 33 16 8 28 33 16 8
split_gain=813081 258178 67213.3 96530.5 86931.4 68098.6 60078.9 57998.3 40491.3 132413 45119.2 30183.9 76375.8 15907.8 21909.7 12754.1 12028.5 6768.91 5516.72
threshold=0.92174486767514963 0.92882661471453332 0.5797071537449866 0.20239264253300815 -1.1473300175474803 0.26209584752736625 0.92873155745728309 -0.33591803687447436 0.45430465405839843 0.28856444094410566 0.59006012395752616 -0.061507905159298971 0.10956562011625849 0.099062008149529548 -0.40688705656478574 -0.30576165749771073 0.37706452965824105 -0.6098197786207803 -0.51674537289446032
decision_type=2 2 2 2 2 2 2 2 2 2 2 2 2 2 2 2 2 2 2
left_child=1 6 4 -4 -2 -6 8 -3 9 15 16 18 -13 14 17 -1 -10 -14 -8
right_child=2 7 3 -5 5 -7 11 -9 10 -11 -12 12 13 -15 -16 -17 -18 -19 -20
leaf_value=-1.0870301187955416 2.3142404267282197 4.3076686768304731 -0.65595582099187943 3.7639926163355515 7.6011135868404232 3.7535103917121888 -3.9739429564703084 0.74334738612174989 -3.4624860843022667 2.3906897298751342 -0.39249755775227269 0.58527207684516902 -1.7894131311348507 -1.2910181897027153 -4.2673772144317628 -2.5309134387969969 -1.9833898067474367 -2.879318768402626 -2.8843530865815974
leaf_weight=65 33 21 21 30 23 23 21 25 27 31 34 25 28 21 20 20 28 29 26
leaf_count=65 33 21 21 30 23 23 21 25 27 31 34 25 28 21 20 20 28 29 26
internal_value=-0.0974446 -1.16476 3.35901 1.94401 4.27248 5.67731 -1.59842 2.37054 -1.0221 -0.406585 -1.82435 -2.29339 -1.88155 -2.51084 -2.84352 -1.42677 -2.70949 -2.34393 -3.37119
internal_weight=551 421 130 51 79 46 375 46 205 116 89 170 123 98 77 85 55 57 47
internal_count=551 421 130 51 79 46 375 46 205 116 89 170 123 98 77 85 55 57 47
is_linear=0
shrinkage=0.05


Tree=23
num_leaves=20
num_cat=0
split_feature=14 29 8 26 39 21 27 31 4 5 6 33 31 35 16 5 6 35 38
split_gain=730752 273661 110778 130312 74546 49267.2 47181.5 47903.7 62024 46749.5 58414.1 34717.8 39207.8 22779.8 22191.3 21764.8 17659.3 25542.5 25297.8
threshold=0.39836046738750314 0.25604130683187293 1.2531941679725216 1.6308121646614573 1.0046688004742137 0.57970715374498583 0.48574727815332158 0.14639026333673882 0.93979847875961053 -0.6807364888564541 -0.84846384270795772 -0.069752972244998476 -0.1182451829064826 -0.2660095427785385 -0.23135084327254754 1.5162085868284703 -0.5673733665911358 0.33673971342512315 0.52161058354571521
decision_type=2 2 2 2 2 2 2 2 2 2 2 2 2 2 2 2 2 2 2
left_child=6 2 4 -4 -2 15 7 8 11 10 -9 13 -13 -1 -10 -6 17 -8 -19
right_child=1 -3 3 -5 5 -7 16 9 14 -11 -12 12 -14 -15 -16 -17 -18 18 -20
leaf_value=-0.95463488858843615 4.4778578636321162 -1.3910158554712932 7.9460797901153573 2.6033720516023182 1.421260983564637 -0.36459762074730617 -2.8964174831437099 0.66378093702452523 -3.7632277520497639 1.8560474147796631 -2.8741997861862183 1.9482260274887087 -1.0787688504094664 -2.891495732069016 -1.6440073160898117 3.6453430154106834 -3.363466369628906 -0.015371275424957276 -2.1239906563903346
leaf_weight=63 33 36 25 21 22 22 37 28 30 25 20 20 23 20 21 22 25 25 33
leaf_count=63 33 36 25 21 22 22 37 28 30 25 20 20 23 20 21 22 25 25 33
internal_value=-0.0925724 2.51083 3.47956 5.50702 2.53751 1.56734 -1.36613 -0.974948 -1.41944 0.102782 -0.810378 -0.823961 0.329136 -1.42135 -2.89061 2.5333 -2.18108 -1.86993 -1.2151
internal_weight=551 181 145 46 99 66 370 250 177 73 48 126 43 83 51 44 120 95 58
internal_count=551 181 145 46 99 66 370 250 177 73 48 126 43 83 51 44 120 95 58
is_linear=0
shrinkage=0.05


Tree=24
num_leaves=20
num_cat=0
split_feature=2 39 36 35 18 16 38 29 29 32 33 33 5 28 16 2 33 33 16
split_gain=671886 217214 62316.4 66816.7 60793.9 50699.2 48302 34600.1 119996 41140.4 27757.3 66269 21463.7 12941.2 12586.4 12419.9 10609.9 8347.38 3334.8
threshold=0.92174486767514963 0.92882661471453332 1.0000000180025095e-35 0.19048438069283902 0.5797071537449866 -0.33591803687447436 0.92873155745728309 0.45430465405839843 0.28856444094410566 0.59006012395752616 -0.061507905159298971 0.10956562011625849 1.4359877265982224 -0.30576165749771073 0.099062008149529548 -0.20661598746508622 0.37706452965824105 0.73831032221832071 -0.37218761684754104
decision_type=2 2 2 2 2 2 2 2 2 2 2 2 2 2 2 2 2 2 2
left_child=1 6 4 -4 -2 -3 7 8 13 16 18 -12 -5 -1 15 17 -9 -13 -8
right_child=2 5 3 12 -6 -7 10 9 -10 -11 11 14 -14 -15 -16 -17 -18 -19 -20
leaf_value=-0.99915901257441586 3.1944390907007105 3.9956908770969939 6.0030209620793666 1.740266562050039 -0.092328794300556183 0.6631927356719971 -3.5249541729688647 -3.2331926492629233 2.2926849149888562 -0.31352136205224435 0.61366921663284302 -2.7456787919998171 3.9247703469317892 -2.4535971879959106 -1.1852923909823099 -3.603221121288481 -1.8440555866275514 -1.5216494010044981 -2.6824260628741721
leaf_weight=65 34 21 27 22 24 25 24 27 31 34 25 30 23 20 21 21 28 26 23
leaf_count=65 34 21 27 22 24 25 24 27 31 34 25 30 23 20 21 21 28 26 23
internal_value=-0.0879438 -1.05817 3.05409 4.03663 1.8344 2.18455 -1.45594 -0.939188 -0.370207 -1.68078 -2.07909 -1.68415 2.85679 -1.34138 -2.27033 -2.56625 -2.526 -2.17738 -3.11265
internal_weight=551 421 130 72 58 46 375 205 116 89 170 123 45 85 98 77 55 56 47
internal_count=551 421 130 72 58 46 375 205 116 89 170 123 45 85 98 77 55 56 47
is_linear=0
shrinkage=0.05


Tree=25
num_leaves=23
num_cat=0
split_feature=14 29 2 16 33 33 28 8 31 23 29 0 16 26 32 28 31 2 14 33 5 33
split_gain=606825 106165 96303.6 102162 143768 147144 108418 82393.8 51161.9 46021.6 63355.4 41100.1 29013 47763.7 36066 27541.7 20153.7 19655.7 18272.5 7818.08 5075.01 3609.98
threshold=0.81193701747054225 0.34177551624087293 0.90586112020880594 -0.65313377358634084 0.10956562011625849 -0.0413610697750273 0.25705517426488428 2.1625768975903852 -0.062742991823019179 0.98578193192344044 -1.1996416254570166 1.4358164197757803 0.018500297186974969 -0.35343208513259311 0.59006012395752616 0.33106705659359764 -0.24237507290607588 -0.13959039173590851 -0.26226357100670278 0.78610375484823669 1.2285199846234436 0.39506857817287605
decision_type=2 2 2 2 2 2 2 2 2 2 2 2 2 2 2 2 2 2 2 2 2 2
left_child=2 7 3 4 5 6 16 9 -6 10 -2 20 17 14 18 -10 -1 21 -14 -17 -12 -5
right_child=1 -3 -4 12 8 -7 -8 -9 15 -11 11 -13 13 -15 -16 19 -18 -19 -20 -21 -22 -23
leaf_value=-0.14217267807792217 4.458590898059664 -0.75208067893981934 1.9767332623402281 -2.9234619398117068 0.027228612899780277 4.2260433412733533 -3.6713181298971183 6.0285655952635269 -4.355125899541946 4.6413385607979514 2.8382713007926945 -0.34217687938362362 -2.0482607460021973 0.34454766837033363 -0.64595118420464659 -2.877831746231426 1.3487454291652232 -4.363024106025696 -4.0945855259895323 -1.5971457460751901 1.7118822836875915 -2.0649532034993174
leaf_weight=68 21 20 24 25 20 21 20 21 21 22 20 24 20 22 21 22 34 20 24 26 20 24
leaf_count=68 21 20 24 25 20 21 20 21 21 22 20 24 20 22 21 22 34 20 24 26 20 24
internal_value=-0.110422 2.63574 -1.09691 -1.28703 -0.621728 0.360211 -0.305219 3.16508 -2.19945 2.60309 2.07554 1.29361 -2.27645 -1.6692 -2.35077 -2.84487 0.3548 -3.04211 -3.16444 -2.18413 2.27508 -2.50297
internal_weight=560 148 412 388 232 143 122 128 89 107 85 64 156 87 65 69 102 69 44 48 40 49
internal_count=560 148 412 388 232 143 122 128 89 107 85 64 156 87 65 69 102 69 44 48 40 49
is_linear=0
shrinkage=0.05


Tree=26
num_leaves=22
num_cat=0
split_feature=14 2 16 33 33 28 36 6 23 31 31 31 16 26 31 28 31 2 15 33 33
split_gain=547660 86914 92201.4 129751 132797 97847.7 83466.4 75345.9 72028.5 67063 46173.6 29422.7 26184.2 43106.7 34717 24856.4 18188.7 17739.3 11068.4 7055.82 3258.01
threshold=0.81193701747054225 0.90586112020880594 -0.65313377358634084 0.10956562011625849 -0.0413610697750273 0.25705517426488428 1.0000000180025095e-35 1.2212091834946694 0.34470345057737106 0.28002052889663681 -0.062742991823019179 0.20394253834834722 0.018500297186974969 -0.35343208513259311 0.33089752947092921 0.33106705659359764 -0.24237507290607588 -0.13959039173590851 -0.078653146374654495 0.78610375484823669 0.39506857817287605
decision_type=2 2 2 2 2 2 2 2 2 2 2 2 2 2 2 2 2 2 2 2 2
left_child=1 2 3 4 5 16 7 -2 11 -9 -5 -8 17 14 18 -12 -1 20 -14 -17 -4
right_child=6 -3 12 10 -6 -7 8 9 -10 -11 15 -13 13 -15 -16 19 -18 -19 -20 -21 -22
leaf_value=-0.13506404669845806 -1.3145390599966049 1.8778966536124546 -2.7772888441085817 0.025867171287536624 4.0147411931128731 -3.487752131223679 1.2111716425418855 3.7854860786468758 6.2449604463577275 0.17590215097774159 -4.1373696190970284 3.6152207592555459 -2.3144363294948231 0.32732025276530874 -0.67172352334727414 -2.7339401012117213 1.2813081393347068 -4.1448729419708252 -3.9396494865417484 -1.5172884907573463 -1.9617055223963691
leaf_weight=68 20 24 25 20 21 20 20 31 20 22 21 35 22 22 23 22 34 20 20 26 24
leaf_count=68 20 24 25 20 21 20 20 31 20 22 21 35 22 22 23 22 34 20 20 26 24
internal_value=-0.104901 -1.04206 -1.22268 -0.590642 0.3422 -0.289958 2.50395 1.3004 3.6754 2.28717 -2.08948 2.74102 -2.16263 -1.58574 -2.23323 -2.70262 0.33706 -2.89001 -3.08835 -2.07492 -2.37782
internal_weight=560 412 388 232 143 122 148 73 75 53 89 55 156 87 65 69 102 69 42 48 49
internal_count=560 412 388 232 143 122 148 73 75 53 89 55 156 87 65 69 102 69 42 48 49
is_linear=0
shrinkage=0.05


Tree=27
num_leaves=22
num_cat=0
split_feature=14 29 4 28 28 23 7 29 31 14 33 28 29 28 16 5 33 28 29 23 35
split_gain=494263 91633.8 78874.2 100874 75473.6 71347.5 113950 40360.2 39648.6 28814 27410.1 26920.8 47163 87054.6 25842.1 35998.1 15224.7 12447.6 10884.2 5752.09 2506.02
threshold=0.81193701747054225 0.34177551624087293 1.0000000180025095e-35 -0.16060553491150373 -0.61582663014213923 0.5127904209856563 1.1260245384433707 -1.198410764096514 0.32102214641824683 1.5704337826137216 0.59064437990946506 -0.23356071416869292 0.38078436604880211 0.23729625935921247 -0.62018373518615277 -0.70922872542099047 0.13856310801600538 0.49881986788335675 1.040904808598742 0.10184515064081499 0.21945553605764365
decision_type=2 2 2 2 2 2 2 2 2 2 2 2 2 2 2 2 2 2 2 2 2
left_child=2 5 3 4 -1 6 -2 -8 10 -9 -5 19 13 -13 15 -14 -16 -18 -19 -4 -10
right_child=1 -3 11 8 -6 -7 7 9 20 -11 -12 12 14 -15 16 -17 17 18 -20 -21 -22
leaf_value=-0.11481764334620853 4.7239211467004596 -0.76868502616882328 -3.409137930870056 -3.2561171349138025 2.8137563402002512 5.0041090102493762 2.9389095341553912 1.4690874005357424 -0.65069538581938979 -1.0074844061680464 -0.89652452439069741 1.7729751144136703 -2.1885673423608143 -2.4857069106329059 -3.5068455912850123 0.68363771200180057 -0.98357193072636928 -3.2495303674177691 -1.6767351031303406 -2.2099619722366337 0.13134638786315919
leaf_weight=66 31 20 20 32 33 30 20 24 21 23 20 28 24 21 22 20 21 22 22 20 20
leaf_count=66 31 20 20 32 33 30 20 24 21 23 20 28 24 21 22 20 21 22 22 20 20
internal_value=-0.0996563 2.37875 -0.989958 -0.249416 0.861374 2.87054 2.21741 1.05767 -1.43187 0.257148 -2.34858 -1.63625 -1.37552 -0.0521743 -1.87051 -0.88302 -2.36992 -1.98512 -2.46313 -2.80955 -0.269212
internal_weight=560 148 412 192 99 128 98 67 93 47 52 220 180 49 131 44 87 65 44 40 41
internal_count=560 148 412 192 99 128 98 67 93 47 52 220 180 49 131 44 87 65 44 40 41
is_linear=0
shrinkage=0.05


Tree=28
num_leaves=21
num_cat=0
split_feature=14 29 2 33 16 33 27 8 31 29 24 0 16 29 31 17 31 31 27 26
split_gain=446072 82699.5 77219.8 78310.5 115789 119566 85926.3 74558.3 43518.2 37839 63398.7 30657.1 26026.2 33351.3 33984.1 17736.4 17348.5 8680.56 9393.8 7737.04
threshold=0.81193701747054225 0.34177551624087293 0.90586112020880594 0.10956562011625849 -0.65313377358634084 -0.0413610697750273 0.0279190419270809 2.1625768975903852 -0.24237507290607588 -1.1999730112472626 -0.39262506634628586 1.4358164197757803 0.32852352934994444 0.35720860270222526 -0.1182451829064826 0.019736235345734227 0.21139282357275499 0.5656567943779115 0.76044956146756348 -0.71092015917335283
decision_type=2 2 2 2 2 2 2 2 2 2 2 2 2 2 2 2 2 2 2 2
left_child=2 7 3 4 5 6 8 9 -1 -2 11 -11 13 -5 -15 16 -6 18 19 -16
right_child=1 -3 -4 12 15 -7 -8 -9 -10 10 -12 -13 -14 14 17 -17 -18 -19 -20 -21
leaf_value=-0.11934088976944196 3.8952935304641727 -0.73025073051452649 1.8118416745215655 -3.956140132383867 -3.9189894866943362 3.8267043800581071 -2.5314085406641809 5.4509377351828983 2.3966440609291846 1.7447145456776898 3.8345204971730711 -0.5893037676811218 -0.69304669468026425 -0.15408801833788555 -3.0089398145675661 -1.0832655713671731 -1.8364138793945313 -2.9962479123047423 -1.1990673299019154 -1.7108061752536081
leaf_weight=68 25 20 24 22 20 21 31 21 23 34 24 24 38 24 24 21 20 28 26 22
leaf_count=68 25 20 24 22 20 21 31 21 23 34 24 24 38 24 24 21 20 28 26 22
internal_value=-0.0946734 2.25981 -0.94046 -1.11071 -0.436088 0.341921 -0.257918 2.72701 0.516567 2.19241 1.67324 0.778914 -1.85865 -2.16203 -1.84372 -2.25994 -2.8777 -2.24923 -1.95872 -2.38809
internal_weight=560 148 412 388 204 143 122 128 91 107 82 58 184 146 124 61 40 100 72 46
internal_count=560 148 412 388 204 143 122 128 91 107 82 58 184 146 124 61 40 100 72 46
is_linear=0
shrinkage=0.05


Tree=29
num_leaves=20
num_cat=0
split_feature=14 29 2 27 7 23 18 2 2 33 33 32 16 29 31 33 32 30 4
split_gain=402580 74636.3 69690.9 71757.9 60779.3 100668 52793.3 46517.5 32351.6 23490.3 57078.1 53424.8 23488.7 30099.5 30670.7 17565.8 8488.64 8354.96 6682.3
threshold=0.81193701747054225 0.34177551624087293 0.90586112020880594 -0.24588254648662441 1.1260245384433707 0.71004144774405409 1.0000000180025095e-35 1.4947534311000499 1.1430599722107018 0.10956562011625849 -0.051958545291272251 0.59006012395752616 0.32852352934994444 0.35720860270222526 -0.1182451829064826 -0.20754344827176457 0.59006012395752616 0.82714813248142105 1.101146266640302
decision_type=2 2 2 2 2 2 2 2 2 2 2 2 2 2 2 2 2 2 2
left_child=2 4 3 -1 6 7 -2 8 -6 10 11 15 13 -11 -15 17 18 -5 -16
right_child=1 -3 -4 9 5 -7 -8 -9 -10 12 -12 -13 -14 14 16 -17 -18 -19 -20
leaf_value=0.248296378319522 6.0231843948364263 -0.69373816013336187 1.7212495411435764 -3.6167185209691528 0.53816360199451452 4.8767504601251517 2.3902338510751728 -1.1103226685523988 3.1671314369548451 -3.7583331498232755 0.86834940209108247 0.51918621892514438 -0.6583943442294472 -0.14638366103172304 -2.2504697257822213 -1.1051009268987746 -2.7128998628029457 -2.219393721870754 -1.200294241309166
leaf_weight=83 20 20 24 20 25 21 20 20 22 22 34 23 38 24 33 21 39 23 28
leaf_count=83 20 20 24 20 25 21 20 20 22 22 34 23 38 24 33 21 39 23 28
internal_value=-0.0899398 2.14682 -0.893437 -1.05517 2.59066 1.85609 4.20671 0.909321 1.76874 -1.40988 -0.86878 -1.54766 -1.76572 -2.05393 -1.75153 -2.29043 -2.13677 -2.86931 -1.76842
internal_weight=560 148 412 388 128 88 40 67 47 305 121 87 184 146 124 64 100 43 61
internal_count=560 148 412 388 128 88 40 67 47 305 121 87 184 146 124 64 100 43 61
is_linear=0
shrinkage=0.05


Tree=30
num_leaves=20
num_cat=0
split_feature=14 25 18 0 33 32 16 30 6 27 27 33 33 27 27 24 5 31 23
split_gain=409819 116453 75455.4 70760.9 79128.4 46250.5 35120.9 51153.7 37772.8 33523.4 69356.3 31885.6 31963.6 29389.5 65395.6 76337.6 16649 15333.3 14861.2
threshold=0.81193701747054225 1.3732162893526916 -0.34012583433807159 -0.070218417146326165 0.10956562011625849 0.59006012395752616 0.51733541262881655 1.0000000180025095e-35 1.5696843627901813 0.21494203883788887 -0.24588254648662441 0.38626452997591293 0.88108508805692554 0.09933236296419673 0.34946626316358281 0.92340478118926994 -0.74878590822418156 -0.050742507156691652 0.74528481866416008
decision_type=2 2 2 2 2 2 2 2 2 2 2 2 2 2 2 2 2 2 2
left_child=2 6 3 4 9 -3 7 8 -2 10 -1 -6 -13 17 15 -15 -16 -4 -18
right_child=1 5 13 -5 11 -7 -8 -9 -10 -11 -12 12 -14 14 16 -17 18 -19 -20
leaf_value=0.78542884207434127 0.072745914970125475 5.7423842642042375 -3.3309171016399675 2.5955085369673645 -2.9884700987074115 2.6912082127902819 -0.43900548560278757 3.9722916248298832 2.7550602924256098 1.8574102878570558 -2.1106371090329925 0.04312486512320382 -2.356338061457095 -1.7766054335094634 -1.1331134370855382 2.3125951175689696 -1.6105100285439264 -1.5966500110626223 -3.4502204604770825
leaf_weight=72 35 27 26 22 27 23 21 21 21 30 29 35 23 21 37 25 21 25 23
leaf_count=72 35 27 26 22 27 23 21 21 21 30 29 35 23 21 37 25 21 25 23
internal_value=0.115637 2.37529 -0.688279 -0.105921 -0.381067 4.33884 1.37348 1.8678 1.07861 0.389807 -0.0461148 -1.56912 -0.908386 -1.46694 -1.0598 0.445786 -1.91483 -2.48079 -2.57218
internal_weight=564 148 416 238 216 50 98 77 56 131 101 85 58 178 127 46 81 51 44
internal_count=564 148 416 238 216 50 98 77 56 131 101 85 58 178 127 46 81 51 44
is_linear=0
shrinkage=0.05


Tree=31
num_leaves=20
num_cat=0
split_feature=2 38 16 27 8 36 2 16 31 16 32 34 27 23 31 35 2 32 1
split_gain=373531 142918 161447 86123.4 53637.8 49381 88809.1 109692 38824.8 32628.7 28669.7 36175.9 25064.8 26378.7 22183.8 16410 12074.7 8155.43 6420.08
threshold=1.1264455535191409 -0.65420999195481289 1.0000000180025095e-35 0.33316461567805911 1.5095302394084293 1.0000000180025095e-35 -0.36087929562167798 0.46463734130173295 0.17576641194555595 0.33950137410850112 1.0000000180025095e-35 0.24333213169614396 -0.052260416726070298 1.4996826154458214 0.039261027719639789 0.44497333294294072 0.3685099286929166 0.59006012395752616 -0.49707919753098362
decision_type=2 2 2 2 2 2 2 2 2 2 2 2 2 2 2 2 2 2 2
left_child=1 2 3 10 9 6 14 8 -8 -2 11 -1 -7 16 -3 -5 17 18 -14
right_child=4 5 -4 15 -6 12 7 -9 -10 -11 -12 -13 13 -15 -16 -17 -18 -19 -20
leaf_value=0.83391469096484261 3.5015770554542542 -3.2297227811813358 4.6983043398175921 -2.3987885287829811 4.9565044334956578 -0.57962052496996797 3.7658975427800963 -2.1825322771072386 0.72205066680908203 1.1086518211097554 1.9203625957935284 -1.5209864616394044 -2.3588756742931549 -0.61909287286841352 -1.1311200723928565 -0.71573023160298677 -3.4008452973983907 -2.8691959500312807 -1.1366442924873394
leaf_weight=73 28 20 21 28 28 33 22 20 20 29 39 21 21 23 34 30 27 25 22
leaf_count=73 28 20 21 28 28 33 22 20 20 29 39 21 21 23 34 30 27 25 22
internal_value=0.109855 -0.432189 0.537055 0.0795351 3.16444 -1.20178 -0.425969 0.865163 2.31645 2.28412 0.780671 0.30782 -1.79776 -2.13843 -1.90838 -1.52824 -2.50627 -2.15107 -1.73355
internal_weight=564 479 212 191 85 267 116 62 42 57 133 94 151 118 54 58 95 68 43
internal_count=564 479 212 191 85 267 116 62 42 57 133 94 151 118 54 58 95 68 43
is_linear=0
shrinkage=0.05


Tree=32
num_leaves=20
num_cat=0
split_feature=2 38 1 28 2 38 31 33 28 34 31 23 33 2 2 5 2 0 14
split_gain=339267 110043 74567.8 104518 53928.5 52344.1 49801.3 41693.6 41553.6 69481.9 39656.1 36382.3 36224.1 33482.4 58657.1 26658.8 24654.1 7377.96 11047.9
threshold=0.89417141299568326 -0.65420999195481289 1.2630700920869258 -0.2485187701540354 1.2493919534154458 -0.65420999195481289 0.2988962762500339 0.26025938110743091 -0.13491494020480407 1.0000000180025095e-35 0.28002052889663681 -0.06194923466356559 0.44891773028305931 0.45867807958877022 1.0000000180025095e-35 -0.82402754264703471 0.28646401789376263 -0.74694254598105647 -0.71026579347088725
decision_type=2 2 2 2 2 2 2 2 2 2 2 2 2 2 2 2 2 2 2
left_child=1 2 3 -1 10 -6 12 -8 16 -10 11 -2 -5 14 15 -11 -3 -17 -19
right_child=4 8 -4 6 5 -7 7 -9 9 13 -12 -13 -14 -15 -16 17 -18 18 -20
leaf_value=1.2499142521765174 3.4553008327117336 -3.3715459316968919 3.2118033450841907 -3.8015750387440557 2.1329391844570638 5.0771008088038521 1.6211183929443358 -1.5687440395355225 1.3835648162024361 0.094774237275123602 -0.35509907655093986 0.78387139177322396 -0.89203682184219368 -2.8233817617098493 1.1477907272485586 -2.5504305685720139 -1.3763996410369874 -0.67208241879940034 -2.2487192676067354
leaf_weight=82 26 32 20 23 36 26 20 21 28 20 23 25 20 30 26 31 30 20 25
leaf_count=82 26 32 20 23 36 26 20 21 28 20 23 25 20 30 26 31 30 20 25
internal_value=0.104363 -0.586909 0.327585 -0.0199111 2.27984 3.36759 -1.2595 -0.0127136 -1.28979 -0.905259 1.36848 2.14578 -2.4483 -1.32688 -0.958893 -1.52945 -2.40615 -1.95688 -1.54799
internal_weight=564 428 186 166 136 62 84 41 242 180 74 51 43 152 122 96 62 76 45
internal_count=564 428 186 166 136 62 84 41 242 180 74 51 43 152 122 96 62 76 45
is_linear=0
shrinkage=0.05


Tree=33
num_leaves=21
num_cat=0
split_feature=2 39 26 6 36 29 27 18 4 0 39 33 26 23 33 35 22 8 35 29
split_gain=306434 120327 55445.8 76535.8 55072.8 51806.2 51103.1 49805.2 86118.2 51416.9 41040.3 55223 42093 36036.4 24984.8 24139.6 15841.1 12471.1 17275.3 6034.11
threshold=1.1264455535191409 0.92882661471453332 1.0279029643043833 1.5350293725839979 1.0000000180025095e-35 1.0953940660866774 0.034259564723790666 -0.34012583433807159 0.61710290299822812 -0.4511113378973805 -1.0493903971837952 -0.17971050676592029 -0.70199325777625787 0.14471949027165817 -0.1632902459969727 0.29195339853023944 1.3361446661253955 -0.36111275809408788 -0.079166594697799117 0.76514448820335135
decision_type=2 2 2 2 2 2 2 2 2 2 2 2 2 2 2 2 2 2 2 2
left_child=1 4 -3 16 5 7 -2 8 14 -9 17 -12 15 -8 -1 -13 -4 18 -6 -20
right_child=6 2 3 -5 10 -7 13 9 -10 -11 11 12 -14 -15 -16 -17 -18 -19 19 -21
leaf_value=0.53394016344336015 5.0759827065467835 3.6579143881797793 -1.6397379606962206 3.1434862722456458 -0.71934369802474984 -2.2992291413820705 0.99021451622247703 -2.1903348437486549 3.6713002824783327 0.68018582050616927 1.6933878993988039 -1.5044448437898055 -2.9307141227722173 3.3450764865586251 -1.2529698371887208 0.81223491755398836 0.35030751466751098 -3.2276332831382755 -2.9973787671043759 -1.8761709521923746
leaf_weight=79 20 20 20 20 24 26 32 39 20 26 20 23 25 33 26 22 20 20 21 28
leaf_count=79 20 20 20 20 24 26 32 39 20 26 20 23 25 33 26 22 20 20 21 28
internal_value=0.0991445 -0.391809 1.37799 0.618019 -0.746656 -0.205964 2.86581 0.0804833 0.664241 -1.04213 -1.38485 -0.623702 -1.28573 2.18576 0.0914672 -0.371846 -0.644715 -2.12145 -1.81838 -2.35669
internal_weight=564 479 80 60 399 216 85 190 125 65 183 90 70 65 105 45 40 93 73 49
internal_count=564 479 80 60 399 216 85 190 125 65 183 90 70 65 105 45 40 93 73 49
is_linear=0
shrinkage=0.05


Tree=34
num_leaves=20
num_cat=0
split_feature=25 26 39 8 4 27 27 0 23 22 6 35 7 5 4 35 23 35 32
split_gain=280218 119262 61315.2 56361.4 51446.4 61520.7 45706.2 49464.6 41259.8 40972.2 54118.1 33710.7 30968.3 29883.1 33430.7 25321.9 16694.8 15590.9 9246.17
threshold=1.3732162893526916 0.84792287469332062 0.92882661471453332 0.17292072406405315 1.4238418424016845 0.33468063421292132 0.17572179016229203 -0.67630363078216715 0.025584751103369805 1.1269435260616041 1.5696843627901813 -0.20606118042936519 0.96607885458146836 -0.57230001571763645 1.101146266640302 0.63858088035788108 -0.5644045944183641 0.44497333294294072 1.0000000180025095e-35
decision_type=2 2 2 2 2 2 2 2 2 2 2 2 2 2 2 2 2 2 2
left_child=1 2 3 4 5 6 11 -8 -2 -3 12 18 -11 14 17 16 -6 -7 -1
right_child=8 9 -4 -5 15 13 7 -9 -10 10 -12 -13 -14 -15 -16 -17 -18 -19 -20
leaf_value=0.092928976777159139 2.0471560608256949 3.3334764798482261 2.0980721402168276 -2.8232793760299684 -3.3924001739138649 -2.2960495994641232 0.078144213131495888 3.5525802809000013 4.9406874128750395 -1.5150453144853766 2.8578492262146691 -1.41972066131798 1.0571036853790283 -2.5948629470808164 0.74421451224221125 -0.27588814984668386 -1.609154213496617 -0.66954617219812729 1.2488165400244975
leaf_weight=81 22 21 20 30 21 26 21 20 28 22 22 37 25 28 27 22 35 34 22
leaf_count=81 22 21 20 30 21 26 21 20 28 22 22 37 25 28 27 22 35 34 22
internal_value=0.0941873 -0.253414 -0.60431 -0.738091 -0.57083 -0.269797 0.304774 1.77299 3.66753 1.39969 0.811149 -0.125203 -0.146881 -1.17412 -0.716874 -1.71321 -2.27787 -1.37436 0.339818
internal_weight=564 514 424 404 374 296 181 41 50 90 69 140 47 115 87 78 56 60 103
internal_count=564 514 424 404 374 296 181 41 50 90 69 140 47 115 87 78 56 60 103
is_linear=0
shrinkage=0.05


Tree=35
num_leaves=19
num_cat=0
split_feature=0 36 2 29 26 2 28 39 36 8 35 35 29 29 33 22 35 35
split_gain=245212 75114.6 54852.1 53629.1 68557.1 54648.3 50899.7 41828 31748.5 37906.1 30741 23622.9 23374 18320.2 20076.7 30416.4 13585.2 12256.5
threshold=0.9381753437659025 1.0000000180025095e-35 1.4233323959968944 0.45723977684044464 0.84792287469332062 0.45867807958877022 0.2086267668638033 -0.29886876727029221 0.86293848500443759 1.5095302394084293 -0.20606118042936519 0.23457092498507015 0.11146242581015986 0.62028159354232471 0.050522541848348736 -0.54276743655934234 -0.21282577668741567 0.46153494920099153
decision_type=2 2 2 2 2 2 2 2 2 2 2 2 2 2 2 2 2 2
left_child=3 2 11 4 6 10 7 16 9 -3 -5 -2 -9 -12 -15 17 -1 -16
right_child=1 8 -4 5 -6 -7 -8 12 -10 -11 13 -13 -14 14 15 -17 -18 -19
leaf_value=-1.201977296228762 0.41420423865318301 2.5011328509875708 -1.577700093984604 0.45710143577307466 2.4155414203802748 -3.5877835685556585 1.294892234934701 0.17536623505985038 1.3577382275745984 5.3511756211519241 -2.5845057964324951 2.844373278617859 -1.4285258708461639 0.2788481013228496 -2.7045566374255765 -0.15789866038731168 -2.8369115978479389 -1.2985520762781944
leaf_weight=27 20 28 20 32 24 22 36 85 21 20 22 20 31 24 31 35 24 31
leaf_count=27 20 28 20 32 24 22 36 85 21 20 22 20 31 24 31 35 24 31
internal_value=-0.0546774 1.85415 0.560292 -0.635429 -0.111579 -1.23905 -0.410351 -0.777949 2.97924 3.68865 -0.943785 1.62929 -0.25326 -1.25727 -1.01595 -1.33632 -1.97136 -2.00155
internal_weight=553 129 60 424 227 197 203 167 69 48 175 40 116 143 121 97 51 62
internal_count=553 129 60 424 227 197 203 167 69 48 175 40 116 143 121 97 51 62
is_linear=0
shrinkage=0.05


Tree=36
num_leaves=19
num_cat=0
split_feature=14 29 29 23 23 4 35 27 27 29 22 27 35 29 26 22 35 36
split_gain=247246 83580.8 59260.8 68145.1 70850.6 37586.3 33843.8 29760.4 50093.9 64712.3 60084.4 31804 27749.7 21152.8 13473.8 21285.6 23632.8 13060.1
threshold=0.56370913094400732 0.25604130683187293 -0.77703011167245772 0.5127904209856563 -0.13961541103576383 1.4238418424016845 0.25159905499560214 0.32680626004631819 0.09933236296419673 0.44000770581868048 0.10042861518958236 -0.24588254648662441 0.63858088035788108 0.27516697218979863 -0.49248574225128333 -0.56875515582192515 0.37126250786275139 1.0000000180025095e-35
decision_type=2 2 2 2 2 2 2 2 2 2 2 2 2 2 2 2 2 2
left_child=5 2 3 4 6 7 -2 8 10 -10 11 -1 17 -13 15 16 -9 -7
right_child=1 -3 -4 -5 -6 12 -8 14 9 -11 -12 13 -14 -15 -16 -17 -18 -19
leaf_value=0.56250179173195203 2.748307655791979 -0.95351655142647884 4.3590005294136382 3.7388812507901878 -1.4799165484697925 -3.2967810500751846 0.48842871507008873 -2.3704861775521309 3.1944335242976312 -0.55628452456515765 -2.6096973735710671 -2.3414203500747681 -0.25230393030426723 -0.041809062957763675 -2.182402068376541 0.22022095341836254 -0.46167253185721013 -1.7142443913966419
leaf_weight=73 37 28 23 28 23 22 30 31 23 23 29 20 22 20 24 31 34 32
leaf_count=73 37 28 23 28 23 22 30 31 23 23 29 20 22 20 24 31 34 32
internal_value=-0.0519436 1.54171 2.03722 1.58467 0.914468 -0.753318 1.73642 -0.507593 -0.114924 1.31907 -0.579459 -0.0584244 -1.74915 -1.19161 -1.12277 -0.857866 -1.37203 -2.35898
internal_weight=553 169 141 118 90 384 67 308 188 46 142 113 76 40 120 96 65 54
internal_count=553 169 141 118 90 384 67 308 188 46 142 113 76 40 120 96 65 54
is_linear=0
shrinkage=0.05


Tree=37
num_leaves=20
num_cat=0
split_feature=14 29 29 23 23 4 15 22 29 28 27 33 24 30 14 15 28 8 36
split_gain=223140 75431.6 53482.9 61501 63942.7 33921.6 33835 34699.7 32796.3 84472.4 26987.2 24957.4 21272.1 30849.7 33248.1 12405.2 12362.9 12320.4 7733.25
threshold=0.56370913094400732 0.25604130683187293 -0.77703011167245772 0.5127904209856563 -0.13961541103576383 1.4238418424016845 0.12771365130688139 0.41877817615622187 0.45430465405839843 0.2086267668638033 -0.24588254648662441 0.38626452997591293 0.92340478118926994 0.82714813248142105 -0.86706901250919721 -0.86542656253550987 -0.019325521634458429 -0.49843565350618135 1.0000000180025095e-35
decision_type=2 2 2 2 2 2 2 2 2 2 2 2 2 2 2 2 2 2 2
left_child=5 2 3 4 11 6 8 -8 9 10 -1 -2 13 14 18 -7 -12 -17 -10
right_child=1 -3 -4 -5 -6 15 7 -9 12 -11 16 -13 -14 -15 -16 17 -18 -19 -20
leaf_value=0.34625129275125999 2.6291245200417261 -0.9058406863893782 4.1410504834159561 3.551937212262835 -1.4059207822317663 -0.5927792072296143 -2.9354527110090625 -0.3762647417408449 -1.2187105914391578 3.2927117879688739 -2.1041155542646135 0.69888594220666322 -1.9696145273024037 1.0841779202222825 0.38279367410219634 -1.490672579407692 -0.36712534427642823 -3.0384553861618042 -2.6091467046737673
leaf_weight=73 33 28 23 28 23 20 26 27 20 20 21 34 31 24 26 36 20 20 20
leaf_count=73 33 28 23 28 23 20 26 27 20 20 21 34 31 24 26 36 20 20 20
internal_value=-0.0493464 1.46463 1.93536 1.50543 0.868745 -0.715652 -0.482213 -1.63172 -0.243297 0.295535 -0.230286 1.6496 -0.840019 -0.450936 -1.00916 -1.6617 -1.2568 -2.04345 -1.91393
internal_weight=553 169 141 118 90 384 308 53 255 134 114 67 121 90 66 76 41 56 40
internal_count=553 169 141 118 90 384 308 53 255 134 114 67 121 90 66 76 41 56 40
is_linear=0
shrinkage=0.05


Tree=38
num_leaves=20
num_cat=0
split_feature=14 36 23 8 2 38 22 4 15 22 29 28 24 30 14 32 15 8 36
split_gain=201384 68147.3 63591.8 64849 44729.5 83066 44750.6 30614.3 30536.1 31316.5 29598.7 76236.3 19198.1 27841.9 30006.4 17438.8 11195.7 11119.2 6979.26
threshold=0.56370913094400732 1.0000000180025095e-35 0.71004144774405409 0.032546208753913182 1.1264455535191409 -0.55760501509444083 1.3023606310840379 1.4238418424016845 0.12771365130688139 0.41877817615622187 0.45430465405839843 0.2086267668638033 0.92340478118926994 0.82714813248142105 -0.86706901250919721 1.0000000180025095e-35 -0.86542656253550987 -0.49843565350618135 1.0000000180025095e-35
decision_type=2 2 2 2 2 2 2 2 2 2 2 2 2 2 2 2 2 2 2
left_child=7 2 3 -2 5 -3 -6 8 10 -10 11 15 13 14 18 -1 -9 -18 -12
right_child=1 4 -4 -5 6 -7 -8 16 9 -11 12 -13 -14 -15 -16 -17 17 -19 -20
leaf_value=0.15916350950677713 1.4497750191461474 3.2108049201965332 2.6220311713218689 -2.1488184113656321 4.7455918065630476 -0.90736301292975752 1.681568052281033 -0.56314023494720455 -2.7886800557374958 -0.35745149160976764 -1.1577750900387764 3.128076102137566 -1.8711338019178763 1.0299690713485083 0.36365397068170402 -1.2306624012608682 -1.4161389512941243 -2.8865326690673832 -2.4786893892288209
leaf_weight=83 21 25 20 31 26 24 22 20 26 27 20 20 31 24 26 31 36 20 20
leaf_count=83 21 25 20 31 26 24 22 20 26 27 20 20 31 24 26 31 36 20 20
internal_value=-0.0468791 1.3914 0.226007 -0.69554 2.25643 1.19374 3.34125 -0.67987 -0.458102 -1.55013 -0.231132 0.280758 -0.798018 -0.428389 -0.958701 -0.218772 -1.57861 -1.94128 -1.81823
internal_weight=553 169 72 52 97 49 48 384 308 53 255 134 121 90 66 114 76 56 40
internal_count=553 169 72 52 97 49 48 384 308 53 255 134 121 90 66 114 76 56 40
is_linear=0
shrinkage=0.05


Tree=39
num_leaves=20
num_cat=0
split_feature=14 29 18 30 2 4 15 8 6 27 27 14 35 35 35 29 36 33 4
split_gain=181749 64767.4 51006.6 46841.5 49776.8 27629.4 27558.8 28836.6 28384.6 29649.7 52744.6 28539.5 24546.1 23940 37410.6 20812.5 11666.5 6547.81 5548.21
threshold=0.56370913094400732 0.25604130683187293 1.0396236477865157 1.0000000180025095e-35 1.2493919534154458 1.4238418424016845 0.12771365130688139 -0.15665422492497108 -0.1284101573128113 0.31518643774175331 0.14256561301894502 -0.7412576950532318 0.63858088035788108 0.33673971342512315 0.71509083340003665 -1.1682073197228751 1.0000000180025095e-35 -0.39235874009601274 0.93979847875961053
decision_type=2 2 2 2 2 2 2 2 2 2 2 2 2 2 2 2 2 2 2
left_child=5 2 3 4 15 6 8 -8 9 10 11 17 16 18 -15 -2 -7 -1 -11
right_child=1 -3 -4 -5 -6 12 7 -9 -10 13 -12 -13 -14 14 -16 -17 -18 -19 -20
leaf_value=-0.13961494752338954 1.7730470878106577 -0.87469623088836679 0.0028740859590470793 4.0796149041917591 3.3892983896391735 -2.9595805514942519 -2.754652028841277 -0.41163376713621203 1.5886815741285683 -2.3917569140593211 2.4905198550224306 -1.9586801074800038 -0.091885075785896997 1.1791615386803946 -1.3838677872930256 -0.19015460676617094 -1.4638590982183814 0.88621466636657731 -1.2789052985963369
leaf_weight=70 27 28 32 27 28 22 24 29 20 24 20 21 22 24 35 27 32 20 21
leaf_count=70 27 28 32 27 28 22 24 29 20 24 20 21 22 24 35 27 32 20 21
internal_value=-0.0445351 1.32183 1.75801 2.27328 1.67852 -0.645876 -0.435197 -1.47262 -0.219575 -0.373469 0.126942 -0.298928 -1.49968 -1.00379 -0.34128 0.791446 -2.07323 0.0883472 -1.87243
internal_weight=553 169 141 109 82 384 308 53 255 235 131 111 76 104 59 54 54 90 45
internal_count=553 169 141 109 82 384 308 53 255 235 131 111 76 104 59 54 54 90 45
is_linear=0
shrinkage=0.05


Tree=40
num_leaves=16
num_cat=0
split_feature=8 31 14 0 34 15 15 15 25 16 31 29 35 28 18
split_gain=160514 88453.9 64228.9 54286.7 30055 29663.1 80363.3 55632.9 40991.7 35696.2 31263.6 29584.7 58207.5 21690.5 8481.96
threshold=1.1524907113369864 0.11076385595653819 1.258973467664116 1.4635693841931898 1.0003654303063692 1.0176704663085048 0.59203894609033714 0.12771365130688139 -0.15903127026522459 -0.65313377358634084 0.54215586605246269 1.0619240888562076 0.29195339853023944 -0.032504869121950671 1.0000000180025095e-35
decision_type=2 2 2 2 2 2 2 2 2 2 2 2 2 2 2
left_child=2 -2 4 -4 5 6 7 8 9 10 11 12 13 -1 -11
right_child=1 -3 3 -5 -6 -7 -8 -9 -10 14 -12 -13 -14 -15 -16
leaf_value=-0.33075101288353526 4.412113934976083 0.36484808082933778 2.4544491514563562 -0.69134376579895618 -2.0565958802764484 -1.8736680947817288 2.3118874301910401 -2.5130319777556829 1.2851665023015812 -2.2239634171608955 1.4173601031303407 -2.0627241097963771 1.6891158288524999 -1.8833376023077197 -1.0804150739136864
leaf_weight=82 27 27 32 24 37 39 25 35 32 31 24 26 31 31 34
leaf_count=82 27 27 32 24 37 39 25 35 32 31 24 26 31 31 34
internal_value=-0.196846 2.38848 -0.485889 1.10625 -0.694694 -0.565488 -0.420135 -0.629645 -0.403121 -0.611713 -0.271941 -0.510431 -0.230156 -0.756682 -1.6258
internal_weight=537 54 483 56 427 390 351 326 291 259 194 170 144 113 65
internal_count=537 54 483 56 427 390 351 326 291 259 194 170 144 113 65
is_linear=0
shrinkage=0.05


Tree=41
num_leaves=18
num_cat=0
split_feature=39 6 35 35 7 6 7 30 29 35 18 38 27 35 27 31 31
split_gain=99133.7 80332.4 82152.1 142137 63626.2 53509 46762.7 25519.3 26311.4 59275.3 49448.5 29746.1 25119.4 22316.9 16488.4 39403.1 16429.8
threshold=0.81822342714833285 0.82652735059091254 0.65630879697747491 0.33673971342512315 0.72616032878861492 1.546581035986059 0.16635043527195678 1.0000000180025095e-35 1.040904808598742 0.48836008480401749 -0.34012583433807159 0.92873155745728309 0.24179338004771897 0.55274042579539762 0.7694921601416681 -0.050742507156691652 0.097763338544705383
decision_type=2 2 2 2 2 2 2 2 2 2 2 2 2 2 2 2 2
left_child=4 -2 3 5 6 -3 7 14 9 11 -11 12 -9 -10 15 -1 -13
right_child=1 2 -4 -5 -6 -7 -8 8 13 10 -12 16 -14 -15 -16 -17 -18
leaf_value=-0.72023619896248936 3.6083359770476822 -0.2609761093602036 2.8776209706870413 -3.330874182339068 1.9727819810742919 2.8057168508768084 -2.665103675579203 1.0826311813460456 -0.14516592440397844 3.0815696792602538 -0.13085690684940504 -1.975432843130988 -1.0327350543892901 -2.3032757053375246 0.21045910537242893 -2.7160476174619461 -0.27367969544037529
leaf_weight=79 24 33 26 27 23 25 29 36 23 25 23 37 23 25 20 36 23
leaf_count=79 24 33 26 27 23 25 29 36 23 25 23 37 23 25 20 36 23
internal_value=-0.187004 0.985299 0.418155 -0.334152 -0.580687 1.06087 -0.735647 -0.575778 -0.237465 0.0590761 1.54228 -0.539192 0.257997 -1.26918 -1.11457 -1.34501 -1.32309
internal_weight=537 135 111 85 402 58 379 350 215 167 48 119 59 48 135 115 60
internal_count=537 135 111 85 402 58 379 350 215 167 48 119 59 48 135 115 60
is_linear=0
shrinkage=0.05


Tree=42
num_leaves=18
num_cat=0
split_feature=39 33 36 31 29 2 15 1 41 28 38 33 33 27 33 18 33
split_gain=89927.3 52861.4 46911.2 46860.2 32672.9 41771.1 37584.4 32032.6 28960.8 20381.8 23237.5 45705.7 34881.5 18559.5 17495.9 6836.1 2526.74
threshold=1.2495758586565147 -0.039241568735227515 1.0000000180025095e-35 0.54215586605246269 1.3034569910734153 0.92174486767514963 0.20510120043745728 1.4097491995550848 -0.70001890435745773 0.65256553238983961 0.92873155745728309 0.15060464585225317 -0.21443761583584481 -0.057798336525735051 0.52286713418747321 -0.34012583433807159 0.21076568535355425
decision_type=2 2 2 2 2 2 2 2 2 2 2 2 2 2 2 2 2
left_child=3 -2 -3 4 5 6 9 -4 -5 10 11 12 -1 -12 -10 -15 -17
right_child=1 2 7 8 -6 -7 -8 -9 14 -11 13 -13 -14 15 -16 16 -18
leaf_value=-0.31798404455184937 2.9728918978146144 -0.96429699869716878 0.17152747611204786 2.1206818290378737 -2.3207627773284911 0.93881648263105988 -2.2698185243104634 2.7548308913906414 0.78820343358176093 0.48440457958924149 -0.15274722400036725 1.6756292550460152 -2.6076578594389419 -2.5261422162470613 -1.1209813770793733 -1.851370647251606 -1.0661030946742922
leaf_weight=80 28 34 24 23 30 39 38 24 28 38 22 23 21 23 21 20 21
leaf_count=80 28 34 24 23 30 39 38 24 28 38 22 23 21 23 21 20 21
internal_value=-0.177653 1.09716 0.456665 -0.506059 -0.74195 -0.596213 -0.805535 1.46318 0.657011 -0.581169 -0.773987 -0.335968 -0.794055 -1.40555 -0.0300186 -1.8362 -1.44916
internal_weight=537 110 82 427 355 325 286 48 72 248 210 124 101 86 49 64 41
internal_count=537 110 82 427 355 325 286 48 72 248 210 124 101 86 49 64 41
is_linear=0
shrinkage=0.05


Tree=43
num_leaves=19
num_cat=0
split_feature=39 33 6 31 16 35 22 29 28 26 0 35 31 5 14 35 27 29
split_gain=81159.4 47707.4 61791 68782.8 44292.8 34826.4 65338.5 43091.1 45892.9 44284.6 30071.7 25546.9 27267.5 25421.7 23569 27363.1 12931.7 7027.25
threshold=1.2495758586565147 -0.039241568735227515 1.169226698185394 0.07476243530021863 2.300281516193508 -0.0077883911611935251 0.27757823482952199 0.49781084711611084 0.010401109691792372 -0.70494600230157267 1.57250520345671 -0.21282577668741567 0.26151981115540096 -0.56040519851108239 -0.79367176255962402 0.71509083340003665 0.59317938431362716 0.033586760093775959
decision_type=2 2 2 2 2 2 2 2 2 2 2 2 2 2 2 2 2 2
left_child=4 -2 -3 -4 5 6 11 8 -7 -10 -5 12 17 14 15 16 -9 -1
right_child=1 2 3 10 -6 7 -8 13 9 -11 -12 -13 -14 -15 -16 -17 -18 -19
leaf_value=-0.46069927099678254 2.8242473048823222 -1.9054421475955419 3.5563652901422409 1.3935621547698975 1.6059894204139711 -0.99451442223328823 -3.4347891436173366 -0.87793759629130363 3.3600448018028626 0.43973883355365084 -1.3483226194977762 -1.9003211011489232 1.2547797374072529 -1.9268315242095426 0.84858015855153401 -2.1207395709477939 0.74965563546056335 -1.3825446975642237
leaf_weight=72 28 21 21 20 24 26 26 26 21 34 20 36 21 33 30 26 23 29
leaf_count=72 28 21 21 20 24 26 26 26 21 34 20 36 21 33 30 26 23 29
internal_value=-0.168771 1.0423 0.433831 1.23916 -0.480756 -0.605029 -1.11212 -0.178981 0.736478 1.55476 0.0226198 -0.729907 -0.384539 -0.716316 -0.335868 -0.809647 -0.113965 -0.725388
internal_weight=537 110 82 61 427 403 184 219 81 55 40 158 122 138 105 75 49 101
internal_count=537 110 82 61 427 403 184 219 81 55 40 158 122 138 105 75 49 101
is_linear=0
shrinkage=0.05


end of trees

feature_importances:
Column_29=80
Column_33=72
Column_35=60
Column_27=47
Column_14=46
Column_31=42
Column_2=41
Column_28=39
Column_26=37
Column_0=36
Column_8=33
Column_16=30
Column_38=23
Column_23=21
Column_36=20
Column_22=19
Column_4=18
Column_5=17
Column_25=17
Column_32=17
Column_6=16
Column_39=16
Column_15=15
Column_18=13
Column_34=11
Column_24=9
Column_30=9
Column_7=8
Column_1=6
Column_17=2
Column_21=1
Column_41=1

parameters:
[boosting: gbdt]
[objective: regression]
[metric: rmse]
[tree_learner: serial]
[device_type: cpu]
[data_sample_strategy: bagging]
[data: ]
[valid: ]
[num_iterations: 1000]
[learning_rate: 0.05]
[num_leaves: 31]
[num_threads: 0]
[seed: 42]
[deterministic: 0]
[force_col_wise: 0]
[force_row_wise: 0]
[histogram_pool_size: -1]
[max_depth: -1]
[min_data_in_leaf: 20]
[min_sum_hessian_in_leaf: 0.001]
[bagging_fraction: 0.8]
[pos_bagging_fraction: 1]
[neg_bagging_fraction: 1]
[bagging_freq: 5]
[bagging_seed: 400]
[bagging_by_query: 0]
[feature_fraction: 0.9]
[feature_fraction_bynode: 1]
[feature_fraction_seed: 30056]
[extra_trees: 0]
[extra_seed: 12879]
[early_stopping_round: 0]
[early_stopping_min_delta: 0]
[first_metric_only: 0]
[max_delta_step: 0]
[lambda_l1: 0]
[lambda_l2: 0]
[linear_lambda: 0]
[min_gain_to_split: 0]
[drop_rate: 0.1]
[max_drop: 50]
[skip_drop: 0.5]
[xgboost_dart_mode: 0]
[uniform_drop: 0]
[drop_seed: 17869]
[top_rate: 0.2]
[other_rate: 0.1]
[min_data_per_group: 100]
[max_cat_threshold: 32]
[cat_l2: 10]
[cat_smooth: 10]
[max_cat_to_onehot: 4]
[top_k: 20]
[monotone_constraints: ]
[monotone_constraints_method: basic]
[monotone_penalty: 0]
[feature_contri: ]
[forcedsplits_filename: ]
[refit_decay_rate: 0.9]
[cegb_tradeoff: 1]
[cegb_penalty_split: 0]
[cegb_penalty_feature_lazy: ]
[cegb_penalty_feature_coupled: ]
[path_smooth: 0]
[interaction_constraints: ]
[verbosity: -1]
[saved_feature_importance_type: 0]
[use_quantized_grad: 0]
[num_grad_quant_bins: 4]
[quant_train_renew_leaf: 0]
[stochastic_rounding: 1]
[linear_tree: 0]
[max_bin: 255]
[max_bin_by_feature: ]
[min_data_in_bin: 3]
[bin_construct_sample_cnt: 200000]
[data_random_seed: 175]
[is_enable_sparse: 1]
[enable_bundle: 1]
[use_missing: 1]
[zero_as_missing: 0]
[feature_pre_filter: 1]
[pre_partition: 0]
[two_round: 0]
[header: 0]
[label_column: ]
[weight_column: ]
[group_column: ]
[ignore_column: ]
[categorical_feature: ]
[forcedbins_filename: ]
[precise_float_parser: 0]
[parser_config_file: ]
[objective_seed: 16083]
[num_class: 1]
[is_unbalance: 0]
[scale_pos_weight: 1]
[sigmoid: 1]
[boost_from_average: 1]
[reg_sqrt: 0]
[alpha: 0.9]
[fair_c: 1]
[poisson_max_delta_step: 0.7]
[tweedie_variance_power: 1.5]
[lambdarank_truncation_level: 30]
[lambdarank_norm: 1]
[label_gain: ]
[lambdarank_position_bias_regularization: 0]
[eval_at: ]
[multi_error_top_k: 1]
[auc_mu_weights: ]
[num_machines: 1]
[local_listen_port: 12400]
[time_out: 120]
[machine_list_filename: ]
[machines: ]
[gpu_platform_id: -1]
[gpu_device_id: -1]
[gpu_use_dp: 0]
[num_gpu: 1]

end of parameters

pandas_categorical:null
